3.018270
0.274516
1.792471
3.398576
0.335827
0.592308
7.482797
2.873978
0.285951
1.228223
2.806173
1.976123
0.341034
2.072183
1.592448
1.224888
3.133696
1.576929
0.211077
2.158707
1.560270
0.230152
0.731821
0.622619
0.403281
0.827831
0.424478
0.106619
2.916519
2.028748
2.962845
0.525142
2.159662
0.059104
1.776000
0.252063
0.621845
0.227156
3.627770
3.099522
0.436652
1.529639
0.941188
3.511207
2.141990
0.628966
1.587828
1.243318
2.253839
0.867499
1.380058
5.471786
2.720728
0.023465
0.890946
4.337806
0.941794
0.592032
1.309729
1.244689
0.174044
0.513889
2.312229
0.241755
0.400233
1.944893
1.529385
0.978867
1.334567
2.197388
6.638444
1.535360
0.661313
3.116870
3.624300
1.746353
0.364477
0.058324
2.879156
0.747616
3.342320
1.027348
1.058139
0.240547
0.583364
1.137681
0.104457
0.994290
0.049280
2.406659
0.732123
0.142973
2.681062
1.633844
1.576013
7.377060
0.552935
3.512128
0.321353
1.427528
0.842780
1.033310
0.135674
0.650025
1.456415
1.440047
3.556020
1.645429
1.236696
1.700017
1.161569
4.819196
0.389854
1.234076
0.705158
0.924058
0.578570
2.188405
1.927868
0.585424
1.303911
1.961605
2.052271
0.309940
0.369363
5.118975
2.744860
0.826866
4.948272
0.705753
2.095835
0.253834
2.552976
0.378463
0.475361
1.245532
0.230370
0.518880
3.299232
0.479652
0.382311
1.606790
0.328486
1.156184
2.154701
0.948389
0.909234
3.757668
1.094907
0.824939
0.099140
0.309653
1.689281
0.150152
0.904240
0.329998
4.637633
4.052594
4.837608
0.660303
0.266120
0.015240
0.782119
1.250393
0.276593
0.878845
2.610554
0.258715
0.005739
0.877184
0.012682
2.406659
0.208387
6.634936
1.223224
1.873127
0.825902
0.235778
1.825027
0.771306
0.091796
2.301923
0.007625
0.227809
3.183818
6.549728
0.028910
0.596592
0.314023
2.969948
2.824612
0.105764
2.666912
2.477139
5.577342
0.169424
0.724586
0.386651
0.425964
0.735679
0.437775
1.740666
0.254665
0.658790
1.632351
0.525803
1.171189
0.866179
0.193780
1.491415
2.425852
1.425037
1.346913
1.961269
1.641603
1.373280
1.955568
1.301393
1.823183
1.457868
1.163068
1.598805
1.150521
0.318636
2.884963
2.545590
0.012682
4.013840
2.484438
0.452385
0.472678
2.561389
3.279715
2.033670
3.711915
3.656321
1.624098
2.168863
0.545956
9.977207
2.072905
0.019989
0.234739
0.152949
0.301635
1.963286
0.658790
0.532093
1.844679
0.184912
0.851901
4.741522
0.116919
2.461944
0.500310
1.722147
0.146584
0.342793
2.206030
9.006020
0.479588
2.491773
2.698324
0.711781
3.315756
0.823816
1.390919
0.499985
0.892622
0.301864
0.377743
0.066832
0.208978
1.159672
2.992112
0.468407
0.794344
2.851942
1.544045
0.636900
0.493631
5.518562
3.314541
0.126625
0.701747
0.786339
1.315349
2.746259
0.752509
0.402975
0.364417
0.222320
0.114236
1.997989
0.144881
0.607633
0.350852
1.517883
0.419105
0.185124
2.525096
4.411176
3.267494
1.197549
0.152431
0.990264
2.305491
0.656774
0.524944
2.118926
0.508914
0.285668
3.258880
1.412992
0.954052
1.273209
0.869976
0.224274
0.192981
0.578091
1.174812
0.447164
0.082307
0.000892
5.778501
1.026158
0.873037
0.526001
2.179474
0.712900
1.376608
3.750664
0.010411
0.048311
0.155648
2.600594
0.854026
0.436029
0.935399
0.874114
0.625860
1.790966
0.509567
1.286803
3.800931
1.213274
0.483311
2.685628
2.202685
0.509110
2.688590
0.180207
0.550516
1.905672
1.852172
0.163460
0.374805
0.217013
0.933417
0.372470
0.865602
2.067136
0.202110
0.026233
2.241495
0.023990
3.440621
1.169381
3.195015
0.634133
0.283352
0.913564
1.085751
1.100273
2.839405
1.648579
2.141990
0.910507
0.223623
0.214582
0.578707
1.900173
2.780781
1.269133
0.849371
0.237750
0.522832
2.361986
1.042713
0.561433
5.525362
0.789082
0.122704
3.870808
0.034373
1.453997
0.507999
0.102649
1.122901
1.856403
0.271544
0.623957
3.660878
0.271488
0.425097
1.651598
0.756803
3.744227
1.994209
0.060373
1.436102
1.350071
1.121732
3.297229
1.080246
0.658574
1.449173
0.312354
1.699875
0.432480
5.696378
0.437214
0.033653
1.037727
1.127682
0.328312
0.334193
1.986847
0.366799
4.317470
0.882424
1.725170
5.842057
3.756589
0.747387
0.325003
0.905255
0.276706
1.286478
0.241425
0.245881
0.247865
4.625245
0.229171
0.485756
3.031349
0.802391
1.051708
1.171491
1.256649
0.819651
1.126217
0.559540
2.388368
2.993755
0.974261
1.230833
4.153281
0.480614
0.404074
1.808663
8.426503
0.622549
0.249024
6.091471
2.916207
0.048214
7.519722
1.036254
1.654348
0.422994
1.111159
0.529905
1.848577
0.252838
1.362542
4.295867
0.537677
0.628542
0.714468
2.783646
0.139268
2.560149
1.027622
1.368358
0.672031
4.681301
1.690408
4.104480
1.446526
1.355727
2.873067
0.591687
0.309538
0.179416
0.281885
2.472447
0.016568
8.058696
3.143083
0.382070
0.694356
1.043545
1.133262
0.791907
1.879486
3.769594
1.298442
0.677710
0.869150
0.557313
1.800772
0.217499
1.766054
3.141274
3.186051
0.798362
5.096894
11.171867
2.175993
0.756803
2.361332
0.364179
0.212424
0.277268
0.065313
3.397294
0.183854
0.046568
0.678147
0.239724
5.413663
4.476114
0.151861
1.507216
0.017850
1.823029
0.496675
1.658068
1.291143
2.699138
0.179627
1.205135
1.086417
0.000986
0.672685
0.590998
0.436964
2.459156
0.402914
3.686958
2.176766
1.498736
0.186184
3.994193
1.022138
2.235661
1.905834
0.020893
1.922125
0.416149
4.367217
0.105462
0.510679
0.911101
0.465354
0.262385
0.294683
0.661386
1.464909
1.163868
3.660371
0.201842
2.221868
1.075705
0.385565
7.464662
0.347788
1.421366
0.029675
0.510352
0.689203
2.562879
0.044054
0.546961
0.656918
0.402914
0.273169
0.213557
3.858651
0.062132
0.065264
4.771496
3.775046
0.105110
1.573661
5.549401
3.115091
2.709758
1.203286
1.126119
0.025517
0.752892
2.182186
1.021500
0.838887
2.942048
1.332110
1.508217
0.843917
3.355984
0.905931
2.834952
0.261272
0.084934
0.495314
0.085679
0.613288
0.651459
0.447353
2.017729
7.155392
2.110758
1.107007
1.784663
1.116291
0.282675
1.967834
0.424107
1.104599
1.396495
7.642865
0.599986
3.178991
2.533602
0.219502
1.502471
1.851077
1.001205
1.691958
0.749296
0.554550
0.086721
1.506841
4.038271
0.015430
0.351678
1.217412
1.040957
8.112683
0.358834
1.799864
1.107490
2.854942
0.215662
3.358899
3.588571
0.133317
0.187138
0.074994
0.884925
0.748150
1.564937
2.109278
2.916207
1.700726
0.144056
3.392175
1.937101
2.613118
1.028355
3.815440
2.015639
0.394458
1.895981
1.067977
0.950217
3.713489
0.076819
0.412154
0.314081
0.727822
0.994022
0.449992
3.399431
7.023577
0.807461
0.479331
0.070072
0.070170
0.705456
6.268681
0.376903
0.486980
0.660231
0.701302
0.262496
6.103828
0.441587
2.009560
0.812946
1.336469
0.352091
0.165603
0.133983
1.701435
0.284707
3.024963
2.732885
0.890946
1.377182
0.121840
1.728632
1.408059
1.143791
1.288212
2.092538
1.173301
0.020750
0.164139
1.129637
3.963024
0.175938
2.053341
1.874714
1.227180
0.644519
2.201114
0.484919
1.010232
0.035430
0.335477
2.658960
0.766045
0.292864
0.647162
2.804138
0.346317
0.994918
0.624450
3.475734
2.279655
0.088660
0.250018
0.985178
3.280507
0.915266
0.156480
0.845706
0.295024
1.405833
0.302550
1.891159
0.634487
0.411111
0.689644
1.039480
0.328835
0.922689
0.309423
0.315002
4.213089
3.058531
1.745476
1.183806
0.438587
0.261327
0.167067
0.679972
1.027897
0.757417
0.774721
6.195857
1.749423
3.320219
3.263572
0.091746
1.177030
0.096388
0.254886
2.119857
0.353213
0.057983
1.547508
4.705107
9.142862
0.698712
2.150326
1.567406
2.233855
1.996614
0.393063
3.078890
0.347023
4.406229
0.808811
1.436460
2.058343
0.222103
0.318405
5.436007
0.513954
0.745252
0.696791
3.343557
1.136108
2.058880
0.053018
3.234859
5.174925
3.446344
3.382836
0.009608
1.103540
0.832583
4.510081
1.305446
1.886511
2.784219
1.621402
1.742559
0.864531
0.892035
2.725414
0.425902
0.410375
0.256993
0.957023
1.245954
0.069581
0.566310
2.106691
5.910540
0.899936
1.649402
0.789082
3.163499
0.459520
1.052359
1.971212
0.661819
1.720853
0.338575
0.556908
4.753854
1.317006
0.080822
4.272297
2.899732
0.695905
1.871700
1.575098
1.434789
4.282137
0.127288
0.502327
0.376723
0.125860
0.172047
2.201899
0.716411
4.462393
0.154298
0.490721
1.610129
3.687474
0.205272
1.104695
1.719274
0.886512
0.454907
0.786653
3.009612
0.446286
4.385787
0.418365
2.621352
0.973112
0.961578
2.283585
0.053796
4.993419
2.081600
0.247093
3.430984
1.563509
0.669562
0.339570
1.663595
3.206294
0.210216
0.104708
1.123291
2.561638
0.221940
1.435744
0.379905
1.965137
0.835570
1.217412
1.037912
0.354454
0.631158
3.097060
2.189768
0.756189
2.602377
0.729481
0.528912
3.029330
0.800178
5.066252
0.667460
1.349055
0.899262
0.907116
0.982864
0.978956
0.318348
1.259095
0.815417
3.017269
0.478242
6.434769
3.910251
1.433954
0.507280
4.047370
3.455191
0.018706
3.430547
0.338984
8.460566
0.547899
0.490269
0.469426
0.720756
3.066780
0.392578
0.445094
1.181375
0.018088
2.810543
0.685754
7.283457
0.816694
0.028957
1.602260
2.135204
5.455420
1.996270
1.730222
0.497388
0.680995
0.528051
5.330400
5.925935
3.390898
1.448691
2.208593
2.913397
0.012303
1.473204
0.003290
0.611890
0.080970
2.636389
0.121739
8.236589
1.238480
0.540543
0.405662
0.314484
2.313707
4.600765
0.269529
0.180946
1.948387
0.785870
1.914447
1.413933
0.479844
0.631229
0.353035
0.049183
2.417468
1.767090
0.576451
1.251240
2.580365
0.825983
5.856779
0.398346
0.045069
0.735376
0.640456
0.154402
0.751131
4.626194
0.224111
3.303648
0.849452
3.180103
1.180768
0.634345
1.438970
0.232990
3.650770
2.809376
3.134776
0.413935
0.898673
0.703007
0.134188
1.405482
0.250184
0.843186
1.745622
1.607190
0.258048
7.014580
0.200986
0.361861
2.385266
0.235778
1.031748
1.813996
0.884508
0.722632
2.672503
2.996386
1.468563
0.478114
1.194994
1.129050
0.389491
1.277619
1.207706
0.052192
1.013313
0.487624
0.609446
3.456079
1.020588
3.010609
2.037725
0.582953
2.979036
0.270648
1.510722
0.177465
0.996263
0.130044
0.263388
1.978840
2.124519
1.716119
3.464982
2.335192
0.687735
1.914121
0.998148
4.643384
0.049620
0.651100
0.089356
1.122122
0.342089
3.564570
0.388523
0.973023
0.189632
0.988834
1.592844
0.952831
0.614548
0.679096
0.213287
1.085846
0.017518
4.134540
0.629955
1.886031
0.171103
0.167748
2.930019
3.665448
2.197780
3.116514
2.906239
1.376263
0.034277
0.198206
0.084091
3.040131
0.436153
0.513299
0.388100
3.111184
0.364001
2.985887
3.207049
1.084896
0.733787
1.007338
0.980464
2.094369
0.569637
1.449052
2.283792
0.813265
1.613743
0.747845
1.436341
2.484202
1.903244
2.455445
2.019124
4.097056
0.106418
2.120602
0.071694
2.389033
0.300779
0.136906
2.939508
0.882757
0.962806
0.379424
0.743424
0.524878
2.910903
0.797100
0.605404
0.846682
0.321006
0.533886
1.222185
0.472359
1.420302
2.780495
2.216504
1.023964
0.245661
0.232498
0.612379
0.980731
2.504633
0.717534
3.835757
0.303178
0.454339
0.546559
0.492531
2.169055
0.855253
1.251028
2.248970
2.096018
0.412707
0.450622
5.643968
0.382672
1.229475
6.996743
7.064727
1.943564
2.495097
3.312518
1.910866
0.477217
0.403036
1.961605
2.402401
0.809605
0.393124
2.375120
1.019768
1.113674
2.097119
1.091563
0.205970
0.462688
0.459963
0.996891
0.828957
1.394053
0.366084
4.796752
0.526199
0.110398
0.918418
0.955799
1.154195
2.622126
1.382708
1.143396
3.272213
0.168429
2.681599
0.329242
3.395159
1.916893
0.091248
0.835732
0.230534
0.120418
4.536729
3.273001
0.256494
0.915947
2.026292
0.664275
1.673456
9.394997
0.662974
0.355400
0.918930
0.213664
2.641347
0.290594
1.061131
3.831785
0.648522
3.351416
1.695063
4.896467
0.161895
0.762804
1.422431
1.119009
0.349084
0.211508
0.174990
0.508979
2.421994
1.246904
1.795786
1.403259
1.968678
4.597965
1.087369
1.088130
2.573096
1.117164
0.871796
0.883090
0.249355
0.736512
0.901454
3.495189
0.742663
1.276435
0.110902
0.017091
1.061692
1.183198
0.184489
0.413874
0.059251
0.890108
0.677928
0.178783
0.396583
1.294734
1.008603
0.720381
6.902171
0.385746
3.730902
0.573381
0.548704
1.028996
2.551989
1.589674
3.174179
0.144520
4.088328
2.809960
1.487213
3.040131
1.268490
0.261105
3.183818
4.868422
0.490011
0.533620
2.787090
0.763729
1.732826
5.089176
0.376123
6.889714
4.153281
0.451251
1.168778
0.688102
0.383575
0.173991
0.065264
5.991412
3.180846
2.228849
2.311807
4.901002
0.841562
1.170184
1.599602
1.506466
0.431299
1.781521
0.106015
1.006073
0.097938
3.322252
0.180999
1.613341
5.445683
3.967350
1.511850
0.783368
0.467579
0.292466
0.529640
2.697511
1.952558
1.197549
0.155544
0.590171
1.535615
0.587555
0.326453
3.014268
0.411418
2.018078
1.384670
2.436568
2.435653
1.276327
1.897270
0.236709
0.094739
1.739647
0.233099
0.056180
0.538010
2.318785
2.173291
0.795525
1.492530
0.513692
0.996712
0.995545
3.158370
1.471615
2.187237
0.363287
1.827181
2.322817
0.424540
0.395854
0.181475
1.265922
1.133850
0.683556
0.439711
0.336937
1.164669
0.779155
0.995276
2.895718
1.003727
0.223677
1.627204
2.024366
2.777066
0.542613
1.887952
0.447667
0.584051
0.929116
0.491044
5.429590
0.650598
1.094525
1.401974
2.200721
4.982606
3.076461
0.878845
8.850487
1.541997
2.800945
0.254000
0.181527
4.944763
0.909149
2.213533
0.713348
1.940080
0.225144
0.173571
0.369244
0.385444
1.270633
3.458300
6.673976
1.033126
0.001785
2.779923
0.892454
0.229389
1.067226
1.306104
2.488929
1.156184
0.665505
1.522928
2.448743
0.132908
6.333557
0.174096
0.894804
0.507672
3.183074
0.638890
5.021403
0.500115
1.255375
0.379064
1.753674
1.492654
0.662252
0.837754
0.359309
0.067617
2.936338
0.441024
2.468238
2.347666
2.954813
0.581102
0.331395
0.831534
1.932477
2.168094
2.577102
1.703849
2.688051
0.429994
1.528244
0.256827
0.403036
0.982419
1.324206
1.190611
0.037160
0.671522
2.671437
0.144313
1.403844
1.616292
2.256482
0.092295
0.652606
0.429808
0.160070
3.456523
3.559814
2.299200
2.089431
2.079784
1.157479
3.131178
0.135777
0.323727
2.058522
1.639966
0.460153
2.162531
1.983264
2.630149
3.344383
0.073269
2.051915
3.331639
0.144468
0.167434
4.535833
5.245719
0.210808
2.967038
4.382541
1.787811
1.074288
0.317193
0.785792
1.066286
3.139827
1.298988
0.122196
0.206668
1.457384
2.037019
1.706978
0.593965
0.790886
0.629602
1.731813
1.839548
1.458110
0.185654
2.538484
2.660547
3.716114
0.998957
0.165760
0.540076
3.280903
0.022989
0.489366
0.073269
0.036535
3.202901
0.867829
1.233238
5.057428
1.087749
2.179280
0.350793
0.393973
1.899366
0.366799
1.212345
0.836702
0.986426
3.397721
1.338933
0.258770
1.335126
0.172415
3.552708
1.286153
0.837754
2.518084
2.610041
2.235460
0.011357
0.776820
0.436153
0.119200
1.652697
1.390455
1.239110
0.730688
0.543815
0.727672
0.093891
0.922774
3.086551
1.537144
0.961314
1.367901
2.424035
1.456415
3.186051
0.775576
0.024467
2.255262
1.657792
0.112164
1.038281
0.119200
3.237552
0.049765
1.805319
0.824217
0.940495
0.411356
0.062426
0.263332
3.189779
0.014529
2.210172
1.006976
1.198572
2.318997
0.182796
1.260693
1.490425
1.030188
0.923458
0.353685
1.021409
0.163147
0.247038
0.075684
1.211725
7.343370
2.204849
2.990144
1.645429
1.388833
1.004810
0.154714
2.786803
0.228245
0.520987
0.555021
1.049106
2.611835
2.661341
0.763729
3.677703
0.433102
0.781494
0.954926
0.266176
1.162269
0.253280
0.396765
0.419845
2.577604
2.455677
1.526850
1.270097
1.492158
4.444568
2.203668
1.355954
3.198390
0.931609
1.712685
2.247755
3.427494
2.493196
0.254443
1.322542
0.408292
3.781065
0.170893
2.268743
2.028046
0.913224
1.311931
1.721285
1.264854
6.201134
0.069139
1.607190
1.647620
0.152898
0.159341
1.102963
0.742511
2.330700
0.036583
0.137676
2.006962
0.332968
0.952046
1.476020
4.171546
0.308677
1.853581
0.509437
2.888028
1.256118
1.835982
1.044008
3.322659
1.491044
0.853617
0.392275
3.874300
2.918396
1.609728
0.139628
4.661739
0.492078
1.833816
0.650527
3.585671
0.952744
0.683556
1.531036
0.722557
1.490178
0.995814
1.194892
1.967328
2.171750
0.609237
2.949694
0.491949
0.724285
0.782977
1.338597
0.096938
1.802287
1.612671
1.307861
3.241022
2.463108
2.800365
3.355153
0.054574
2.544362
0.045600
1.660414
1.548407
0.725488
3.022952
1.744309
2.004368
1.480438
1.675408
0.734316
0.312699
3.289642
0.072088
1.076461
1.472593
0.616649
0.008002
0.166335
0.382672
2.559158
0.327847
0.235450
2.976434
6.494370
0.785166
0.781416
0.380085
0.312009
3.305659
3.286061
0.932470
4.508320
1.396728
1.062535
0.067911
2.048888
4.415310
0.289403
0.580144
2.276352
0.225470
0.228517
0.849371
0.986604
2.178700
1.601329
0.244725
0.951523
1.456173
2.243713
0.586179
1.431928
0.984644
1.176122
0.484597
0.118794
2.521224
0.241316
0.213664
2.983927
0.115653
0.859598
0.490205
2.015987
1.859230
0.551994
2.733718
0.240272
0.603457
0.896569
1.261865
5.808926
0.710439
3.238708
4.058493
1.596948
1.433596
2.050134
2.251200
1.186951
2.025591
2.854642
0.607075
0.389793
1.422549
0.844486
0.101044
0.868737
0.332910
1.344211
0.083446
0.421944
3.319407
2.798917
0.555560
0.976828
0.272889
0.689277
3.131178
2.050490
0.662107
0.342089
0.132806
0.211724
0.852228
0.279575
2.121720
8.140403
1.248595
1.531417
1.628557
2.413856
0.834681
3.900739
0.400111
0.980109
3.784358
1.275359
1.919997
0.722707
0.690747
0.117679
1.611333
0.165184
2.243310
1.120468
0.123671
0.593067
0.479908
1.277404
0.441086
6.979110
0.626001
0.440773
0.382130
5.238633
2.751023
0.271768
0.256661
0.947954
1.190306
0.510679
1.811708
0.547296
0.332735
0.309366
0.393487
1.059821
1.883154
2.546573
0.823174
0.105563
1.304240
1.316564
2.463806
1.239215
0.228353
5.203682
2.878241
0.500440
2.290020
0.762187
0.505193
1.989924
1.270419
1.033126
0.041785
0.120723
1.375230
1.484869
1.545583
0.601998
0.936434
2.065697
1.052452
6.031131
0.079239
0.798520
2.041791
2.459852
0.434098
0.168743
0.132754
1.102387
1.254314
1.560399
1.405599
0.076769
0.739698
2.313285
1.330548
0.314541
3.650770
3.788760
1.033953
0.181369
0.517959
3.725076
0.499920
3.289244
0.281885
3.328368
3.489281
0.368946
0.300322
0.232171
0.766276
1.400690
0.907370
4.947101
0.769989
0.360376
2.269769
1.027165
0.666011
1.262612
1.132869
0.798283
0.705678
0.753045
2.949055
1.569488
5.118975
1.996958
0.685680
2.508944
1.506466
1.639148
1.996958
1.414051
0.961578
1.650225
1.061599
3.558865
3.117226
0.159810
1.200005
1.959422
0.865190
2.188989
0.568686
2.568353
0.093242
3.741019
1.030188
0.147049
1.308300
3.611479
0.220097
1.470515
1.576536
1.907456
3.193891
0.621634
0.808255
0.872210
0.539009
0.594241
1.618038
0.365727
0.120926
2.062823
2.479725
1.122414
6.948730
0.347082
1.822415
0.536213
0.677199
2.531654
0.723909
3.792622
0.059348
1.124558
2.513988
0.872623
1.301283
0.236271
2.620320
0.131629
1.172496
1.414522
0.292807
1.082711
2.063002
2.021219
0.060032
1.730077
0.653827
0.590102
2.147858
5.782523
1.038004
1.394750
0.372411
0.840021
1.107104
3.818245
2.062823
0.942487
0.777909
2.658960
1.920325
0.687881
1.060102
0.407558
3.998608
1.571834
0.273281
4.983803
3.218797
0.986336
0.614758
0.521580
4.273052
1.413933
1.877576
2.510383
1.839083
1.709686
1.456415
0.437900
0.622690
1.040495
0.162051
1.198776
0.680484
0.284877
0.819411
2.240084
1.348153
1.378332
0.808811
0.508783
1.601728
0.409885
0.037545
1.852172
4.172960
2.109463
0.725488
4.964751
0.457686
0.554550
1.403727
0.331104
0.208602
0.289517
0.005126
1.465517
4.588669
1.005983
1.668309
0.250957
0.021179
1.574314
13.862944
0.053990
1.393704
0.809049
1.066380
0.110650
0.049329
0.064089
0.171890
2.428126
0.161738
1.120468
0.837349
0.463132
1.262932
0.565903
0.529773
1.608258
0.319330
1.563898
3.341496
0.871961
0.252063
2.037019
2.741230
0.586111
0.121586
0.010269
1.174006
1.675687
1.552780
1.624908
0.454023
1.530909
0.025946
1.531925
0.085877
2.037372
0.165969
1.049199
0.286233
0.097738
1.920161
0.057446
4.843066
2.877936
2.161383
0.391972
4.888563
1.515115
1.460535
0.764809
0.356169
1.911354
1.573661
0.249024
0.678585
0.271432
0.125198
10.139300
2.039138
0.026137
0.458444
0.159289
3.556968
5.794653
0.852963
0.281998
2.677312
0.472295
0.054525
6.510446
0.446913
3.286856
2.883127
0.952744
0.728199
6.478460
1.783615
2.081418
0.773866
1.370073
0.340917
0.590860
0.068353
0.616509
0.900695
1.500104
1.924912
1.043730
1.730366
0.074895
0.419660
0.054136
0.265060
3.464982
4.296633
2.605438
0.654761
0.338107
0.044199
2.181605
0.520328
3.407151
5.537334
0.241206
1.331887
0.561433
3.388773
2.463341
2.087242
0.906524
1.369044
0.607981
0.612169
0.029723
0.658718
0.311894
1.514738
1.866163
0.011499
2.112240
0.561095
1.366417
1.039664
0.221995
2.763423
0.551255
0.640171
6.342224
0.035382
2.079603
0.667242
3.630253
1.178848
4.108545
3.886582
2.774213
1.898398
4.007475
0.291729
0.000188
1.159373
0.478882
1.054501
1.957075
0.168691
4.216724
1.200825
2.191523
0.994380
0.508325
0.571815
0.933417
0.207366
3.556968
0.797652
0.610912
0.001080
3.897188
0.072580
0.809844
0.826304
1.678899
4.617671
7.525963
1.728777
0.286064
1.622210
0.047246
2.143313
1.140733
0.720831
3.525072
3.160566
1.016037
0.063404
2.106691
0.654617
0.674285
1.108551
0.231243
1.056366
1.390455
1.680718
0.426273
0.019371
0.174622
0.687514
0.381950
1.380979
1.852955
5.145364
0.189366
0.353981
1.729354
0.912120
3.501576
2.637953
0.023894
1.819349
3.568862
4.402940
0.237366
0.178308
0.777286
2.584641
1.913958
0.188517
0.989906
1.394866
0.806033
1.494637
12.049628
0.816614
0.388705
0.128972
2.695885
1.260799
0.294626
0.360733
0.015050
2.211357
4.104480
5.614802
0.382792
2.414533
0.607494
4.214542
0.149117
0.555762
0.381649
1.196527
1.931324
0.414427
1.717982
0.958248
6.983499
1.477491
3.799821
1.345899
0.111457
0.181263
0.109540
1.814760
1.443763
0.274796
0.144932
1.185225
0.032550
0.127951
3.742087
0.483119
1.036254
3.294030
0.435406
3.893054
4.168721
0.532093
0.021655
5.734938
1.588487
1.734420
3.236782
1.643788
2.719902
0.558122
2.865791
7.074023
2.237871
2.220277
0.787436
0.493436
2.396817
3.125797
0.260493
0.035141
2.727071
3.751740
0.954227
6.249467
2.019822
1.432405
5.675575
0.615598
0.074797
1.205135
1.513356
1.484746
1.261972
1.207603
5.888810
1.405599
0.366084
1.898882
0.863544
0.987050
1.839393
1.189593
0.412645
1.908267
0.815736
4.715136
2.617487
6.918939
6.404303
1.282042
0.617841
0.724962
0.197352
0.061204
4.646268
0.625507
4.820273
3.371871
3.031349
1.599071
1.668587
1.241213
0.763883
2.959305
1.057952
0.164923
0.555021
0.555628
0.078300
0.762341
1.647346
0.767822
3.093900
0.077214
0.471210
0.191332
0.346200
0.169844
0.268522
1.050407
0.162156
1.470515
0.160904
6.497572
1.162169
0.233427
1.103060
0.995814
2.407332
0.776975
3.713489
4.451334
3.664431
4.388226
0.359012
0.729632
0.418304
0.422067
3.796494
0.088809
0.007578
4.075660
1.791267
2.361114
5.717466
1.680298
0.331628
0.283465
0.011262
0.674067
2.234657
1.159074
1.729065
0.254997
2.561638
1.239636
1.871700
0.055109
0.899010
0.472295
0.842130
0.590653
0.570930
0.834358
4.677368
4.796752
0.138241
3.734622
0.705456
4.660768
1.359017
0.535747
1.125338
2.139159
7.394186
6.663230
2.197192
4.153979
0.218960
0.533819
0.534417
0.095688
0.585561
2.460782
0.643591
0.045891
1.652285
0.442776
3.251478
2.183350
0.749831
1.131106
0.213287
1.270633
0.142098
2.021393
1.252829
0.094590
0.730537
0.243404
1.283880
4.562935
4.136611
3.927039
1.513859
1.070329
0.743728
0.565021
0.075142
0.196872
0.048408
0.757724
0.193886
2.446208
2.789966
5.715537
2.699409
2.608250
1.747375
1.932642
3.370611
1.277727
0.610563
0.057983
0.525473
2.146910
0.192981
0.021798
0.124180
4.283656
2.339267
2.074712
1.431333
1.663318
0.812309
0.579801
4.795691
0.069286
0.031687
0.034565
2.193280
0.365846
1.770500
2.650260
0.221615
0.676543
1.831961
1.880761
4.624296
2.505829
2.150326
0.090252
0.261550
4.022155
1.401157
1.312812
0.710141
0.409456
0.188942
3.108703
0.955362
1.050128
0.631936
0.596869
0.671813
0.417811
0.601582
0.575837
2.013379
0.953878
0.797889
0.726166
3.730372
3.725076
2.008347
0.852473
1.359131
2.144638
1.434670
1.408176
1.513482
15.995704
1.428003
2.940142
1.867427
1.188271
3.138382
3.034721
4.154678
0.110852
1.578631
0.687588
0.452637
2.926554
0.861816
1.024786
2.269358
1.219693
2.625744
0.398346
2.225654
0.090103
0.739471
1.345786
1.458110
1.577714
1.611333
1.079867
0.582953
0.373667
1.507591
0.419783
3.040808
0.218203
2.496523
0.243294
0.233809
0.568618
0.270928
1.393240
1.549435
0.065803
0.162051
0.048263
1.375230
0.655839
2.370729
2.474557
3.744763
0.298383
3.326326
2.835841
0.977182
0.659727
0.232881
2.681867
0.103754
1.206574
2.262192
2.730391
2.156417
0.337347
0.251510
0.291502
2.181605
1.600266
2.185681
0.930749
1.740229
0.708578
2.757210
0.906270
0.392396
1.621402
2.063900
3.332868
0.345200
1.204621
1.004900
2.445517
3.989791
0.864531
0.678293
0.790337
2.917770
0.122704
0.370797
0.449364
1.286153
0.999676
0.466752
1.592183
4.069035
0.697160
4.063755
3.873135
1.098259
1.893407
2.001434
2.184127
0.183483
0.106317
1.373853
0.070416
1.220004
0.192556
1.610129
0.784228
0.809049
0.375284
4.007475
5.842057
0.082059
0.621494
3.718745
1.511976
1.070800
0.340272
1.004359
6.774225
1.087559
0.035910
0.226884
1.645703
0.952918
1.431333
0.072629
5.206449
0.805637
0.342734
2.553963
1.100657
2.825495
5.354604
1.010685
10.209242
1.192037
0.732501
2.235861
1.118912
0.218906
0.697234
3.323881
2.603907
1.521918
1.515367
0.110146
1.852328
1.471737
3.402858
0.262274
0.191385
0.711259
0.996891
0.450055
0.071350
1.286586
0.041640
4.190030
2.252214
2.749059
1.982242
4.548422
1.542125
2.918083
3.050326
3.522752
3.262398
0.404440
0.148238
3.134416
1.617635
3.306867
0.347906
0.944741
2.141046
0.133727
2.289604
0.336178
0.504476
5.871644
1.222392
2.557177
1.843900
2.039845
2.977409
0.575700
0.940409
0.082455
4.692166
0.707388
2.142746
0.465735
1.420066
4.068374
1.108744
1.970367
2.136709
1.327763
0.403097
2.121347
1.540208
1.341850
1.763984
2.238877
0.276931
0.154298
0.329242
4.340959
4.797813
1.070047
1.030555
5.231579
2.368539
0.657997
2.183156
0.486851
3.458300
2.996716
0.013629
0.594034
4.029869
0.970110
0.566920
0.471019
3.195389
0.743881
0.016853
1.541358
2.999022
1.408059
1.265174
0.567939
0.154194
0.710141
5.041174
1.009599
3.613445
1.354028
1.121538
2.611066
0.112265
0.056764
3.856346
1.242686
0.879011
0.033605
0.528846
2.108723
0.074156
0.500700
0.515201
0.703378
1.918526
1.823644
2.480666
1.078636
0.546224
2.369196
0.925000
0.665577
1.510597
0.752203
0.661746
0.392154
0.534550
1.205546
0.569977
0.592929
0.534617
0.099841
0.115957
0.845706
2.048533
1.840480
1.536124
0.563463
1.224472
0.855581
0.464274
0.027857
1.024512
2.518808
0.634558
2.341201
0.527654
2.970595
1.261332
2.069297
0.668619
0.930405
1.538547
0.422932
1.930500
1.887792
0.071547
3.591477
2.189184
0.456106
0.018801
0.284764
0.844486
0.010033
0.291899
1.274068
0.525010
0.393245
0.263833
0.745785
0.777209
1.072967
1.406887
0.062426
0.167591
1.117650
1.808358
2.119484
3.027313
0.161478
3.321439
2.651575
0.405234
1.227702
2.605438
0.457180
0.008758
1.710543
0.103251
2.846556
2.087606
1.089655
2.694802
1.094046
1.411346
0.418550
0.165916
0.224546
2.367445
0.350144
1.051987
1.195505
0.969581
1.165570
0.359368
3.004639
1.091754
0.616579
0.628895
0.066881
2.828444
3.930660
0.069237
1.828259
2.928758
0.126880
2.054590
4.667582
1.395099
2.038432
2.426761
1.561306
0.369781
0.227700
5.871644
0.821171
0.676324
3.958710
0.185336
0.219177
10.399418
0.093841
0.183166
0.200772
0.974969
0.232990
4.859555
1.462720
0.046810
0.016046
2.016336
0.057446
3.138382
0.269305
0.494602
0.784540
2.860658
3.414479
1.396611
0.973996
2.503438
1.825796
1.354707
5.651347
3.030676
2.745419
0.269585
1.231147
0.878513
1.307751
0.859598
1.571051
0.844567
0.101194
4.453030
0.114287
0.613148
0.549912
1.779579
1.194790
1.937597
0.275695
2.508704
1.825488
2.503199
8.449128
2.351775
0.106217
1.275789
1.750156
0.104407
1.217101
0.274908
1.828105
2.219879
1.550592
0.145397
0.196925
1.186443
0.308849
2.507266
0.059739
0.414365
2.784506
0.479652
0.620791
0.779856
3.944012
0.325583
0.605683
0.342500
5.180361
0.623464
0.426583
4.748704
1.317117
1.939252
4.716143
2.091989
3.950119
0.128563
6.038248
0.512775
1.117844
0.867829
0.385444
1.489436
1.046416
0.044199
0.721881
2.072363
0.272216
1.601861
1.120370
1.834899
8.307685
0.963772
2.663992
0.650742
2.515673
0.836702
3.177509
0.496805
0.574472
0.701302
1.192750
0.073614
2.726518
3.583741
3.571731
0.545555
0.525340
0.312297
0.294967
3.005964
0.557515
1.332221
0.168481
0.825501
1.124460
1.127291
2.569350
3.120792
4.344118
0.703378
1.231356
4.257280
1.018766
1.680438
0.637042
0.212532
0.893042
1.401040
4.477838
1.657516
0.151343
0.029053
0.332211
0.827670
0.353390
3.192021
0.085629
1.266671
1.329211
0.742282
1.025152
3.103400
0.860912
2.479725
1.113771
0.730915
2.277177
0.208494
1.042435
1.042158
1.262718
1.356067
0.036343
0.085827
2.217298
0.407986
1.149926
1.267420
0.240931
1.151811
3.367255
0.101445
3.903112
0.369901
0.321758
3.090396
0.063257
0.693840
5.224557
1.454843
0.545555
3.615413
6.383331
2.973187
0.004891
1.083186
5.573821
1.888272
0.814779
0.218257
0.592860
1.608792
1.644198
0.239394
0.273842
0.184648
0.753351
0.457622
3.200644
3.916824
2.715508
0.397191
0.759339
0.288950
1.054408
1.380864
0.660159
1.697467
0.481192
0.589620
1.191629
1.065442
0.080080
1.828567
1.333673
2.794579
2.041084
0.601929
0.637255
1.292448
1.774809
1.183603
0.066685
2.864582
0.950217
0.164087
1.201439
0.245716
0.006116
1.204929
1.952391
4.910112
8.339191
4.286700
1.016128
1.541869
1.472348
1.113093
0.649595
1.278050
0.830729
3.690056
0.024562
0.429746
1.161869
0.837268
0.044682
0.541477
3.955022
0.168900
2.617744
0.158352
4.227679
0.094440
0.445972
0.087914
2.449896
2.043563
0.121586
0.269081
0.676106
1.466247
0.412584
3.404574
2.087971
0.191758
1.215238
0.109591
0.288214
0.095489
1.795333
2.219085
1.437057
1.138468
6.401289
2.732608
1.146757
0.951610
4.095710
0.314657
0.959561
3.758749
4.848543
0.784931
1.420420
0.230261
0.742282
1.988727
0.130964
1.203697
0.038122
0.202056
0.500830
1.927375
0.906778
0.793872
2.203078
0.893713
0.544819
0.107223
0.240712
0.040001
2.065876
4.455578
1.237640
2.232852
0.725864
0.375404
3.874300
3.931869
2.000745
3.942184
2.861563
0.058226
1.616560
1.217619
0.374326
4.138685
1.930171
2.242099
0.610074
0.421264
7.205346
5.717466
1.852798
2.509663
0.370916
1.620998
0.630167
2.505829
2.506069
0.316674
1.472104
4.043464
1.831653
0.452763
1.271599
0.955537
0.965794
0.606170
1.793223
1.504717
1.892122
0.785557
0.242909
6.067050
0.219664
1.338597
0.786653
0.581102
0.712228
1.270955
0.230479
2.195235
3.922223
1.517883
1.595756
1.280422
0.443903
0.461420
0.653396
0.595416
0.979843
4.640506
2.167710
0.002631
1.427410
0.570998
1.189390
1.647757
3.181217
0.081218
3.575084
0.172205
0.001597
5.618417
0.070613
0.967994
6.478460
1.106815
3.189779
3.273001
0.585767
4.995832
1.935613
0.457054
0.176833
4.778820
0.404501
0.773944
0.174202
0.590998
0.470509
0.603735
0.081416
2.993426
2.720453
0.345612
0.670288
0.333551
5.770488
1.457505
1.265708
0.454780
1.984457
1.515995
1.342299
0.983665
2.554704
0.887431
0.214798
0.597146
0.919954
4.441196
0.694577
0.511334
2.920588
0.166440
0.315406
2.525581
1.694922
0.820611
0.304837
0.765890
0.258270
0.702043
1.574706
0.705827
0.336178
0.341210
1.724018
0.956236
5.214780
2.543626
2.764839
2.260558
0.821331
0.275021
0.481898
0.325061
0.558527
0.088013
2.779351
4.778820
0.052921
1.183502
0.276706
0.582404
4.063096
3.356400
0.215230
8.371355
0.462117
0.936089
1.897431
1.093473
1.748692
0.375464
1.742267
3.809285
0.569230
0.750902
0.236928
0.225361
0.326221
4.498675
0.648951
0.768132
0.593965
0.819331
1.977141
3.434481
6.468993
1.844212
1.918690
0.617000
1.509719
0.808731
0.379004
0.581582
4.126283
0.838401
0.476129
0.564411
0.798047
0.124943
2.312651
0.281998
0.146636
3.070576
4.481291
3.575564
1.930829
3.176768
0.303979
1.883314
4.048023
4.436151
0.135572
3.445903
3.390898
2.394366
0.922860
2.573847
3.579406
5.165457
1.935778
0.622197
0.588174
0.047342
3.093549
0.010837
0.872375
2.011989
0.458951
1.046230
1.392079
1.242581
0.579733
0.629672
0.416764
1.119009
1.302706
1.834280
0.084885
1.031932
0.074156
0.217391
0.075585
4.312041
0.766895
0.013060
1.662350
0.853699
2.487273
1.620055
1.855619
1.719561
0.238901
2.606205
0.545823
1.368930
0.533753
1.356521
1.409936
0.098940
0.188676
0.496805
0.830648
3.225278
0.143540
0.920552
1.261226
1.414404
0.038556
1.561306
0.094540
2.331768
2.951611
2.839405
0.023942
0.523426
4.612956
0.902129
0.475042
0.296902
5.274396
1.334008
1.480192
3.000342
1.567536
1.425630
2.909036
7.570376
1.156881
1.928032
0.333551
3.312518
0.327673
0.650885
1.227076
2.186848
1.946722
0.826545
0.149013
2.211950
0.197672
0.051172
1.265174
0.022465
1.223536
2.038079
3.380299
1.284529
2.344861
3.183446
0.867912
1.444723
6.593447
0.417873
1.023964
2.288980
0.319330
1.030280
0.647663
3.096357
0.906185
1.142212
1.307421
3.244886
0.313332
0.685021
2.232852
1.525837
1.655724
1.432166
0.960876
3.078543
0.025708
0.264837
1.001025
0.298326
4.046719
0.293887
0.594172
1.284853
0.458381
4.377685
5.815084
0.025182
2.061567
2.033318
2.016858
3.474386
0.194845
0.399502
0.444279
1.244583
2.191719
1.469051
1.761769
4.598898
0.220368
4.513607
4.149096
1.561953
0.373009
3.061276
3.519048
7.210432
0.371454
0.460533
2.708939
5.369928
1.528371
8.531042
1.248278
0.551187
0.143746
0.463767
2.617229
0.800494
4.538522
1.585063
0.711930
3.773409
0.174359
1.246060
0.219556
0.198366
0.049571
0.089953
0.104457
0.379845
0.848556
1.871859
0.016758
1.625313
1.170285
1.064316
0.363346
0.897410
1.262398
1.221561
1.953560
2.611066
0.224926
1.079299
0.877267
0.003196
0.623464
0.810798
4.943595
1.080815
0.310744
0.019989
0.029771
2.075074
0.285498
0.278055
1.598009
0.656054
1.687311
0.752585
3.028993
0.041447
2.357415
0.334601
0.086920
0.462561
1.414286
0.535547
2.555446
2.064439
0.425654
0.359427
0.672830
3.019941
2.280275
0.977803
0.761186
0.194952
0.759877
4.317470
1.082616
2.190548
2.977734
0.679680
3.304855
1.080530
1.690126
1.992494
1.194280
2.037196
3.709297
1.456294
2.447820
4.143535
0.517368
4.796752
0.368647
2.228849
0.452070
1.054221
1.858759
1.487953
2.424035
0.762881
0.047004
4.871761
1.903729
0.224274
0.919527
0.594794
0.004420
0.706867
1.610798
0.625648
0.385444
1.654623
2.217695
1.244794
0.557313
3.174918
1.650088
1.069294
2.980664
0.357531
0.338165
1.926717
0.649882
1.027989
1.998334
0.329707
0.287478
2.664257
1.010051
0.068108
0.146481
0.373727
0.226775
1.804409
4.970680
0.362158
0.410743
1.049199
0.463386
0.311204
1.752354
0.184489
0.735755
0.711110
0.085083
0.942573
0.213611
0.363109
4.261770
1.357655
0.887347
0.191811
6.116285
0.708131
1.960429
0.466816
4.156776
0.518025
3.137660
0.951349
0.642878
0.315694
0.675086
2.268332
0.266902
0.675086
0.740078
3.151436
4.880699
2.111314
1.382362
2.816097
6.052582
1.842344
0.493242
0.815656
2.087242
0.000798
1.182084
0.572496
0.809844
1.601595
0.882257
2.159853
1.657378
0.182902
1.117455
1.953059
0.462878
1.084326
1.947388
0.104407
0.106217
0.896990
0.250957
0.187350
1.727189
5.308049
1.728921
2.240487
0.863708
0.790651
2.303601
2.211555
0.042026
0.812707
1.806686
0.291104
0.815098
0.317886
0.462751
1.938424
0.340272
0.092943
0.985980
0.000564
0.632928
0.730688
0.304322
0.480357
0.404135
0.051609
3.953182
2.195626
0.055596
0.854353
0.747158
0.489236
0.673849
0.473189
0.746548
0.020370
0.080475
0.006540
4.075660
0.650742
0.759339
0.526332
0.464909
1.100465
0.413566
0.421944
0.735528
4.264770
1.139748
3.808726
0.023275
0.354040
1.923928
2.637692
1.067977
0.520262
0.957898
2.238877
1.190509
0.226612
0.382973
5.461945
0.569705
0.420709
5.153370
1.845146
3.523679
0.332968
2.621094
0.584394
1.111739
4.579429
2.025942
0.153053
0.942747
2.158325
6.465850
1.418648
0.594863
0.929460
1.832579
0.049959
0.716486
0.322453
0.130351
0.569773
1.464665
0.199542
1.695629
0.604083
0.948389
0.458571
0.319330
0.212047
1.130224
5.930363
0.697234
0.898673
0.919954
0.697825
0.594034
0.589964
0.635480
3.631745
2.570848
0.554348
1.413933
1.839548
0.034757
4.202958
2.908414
1.916241
0.201896
4.298167
1.847640
0.419660
0.608330
4.261770
9.802855
0.140914
1.609193
0.068991
0.858449
1.625583
0.156324
0.284538
4.819196
0.847334
1.085086
0.754118
0.186714
0.071744
2.079784
0.365667
1.231983
1.111062
1.007880
0.178150
2.934756
1.431214
0.558325
0.191864
0.121739
0.215230
0.556571
3.356400
7.676978
0.181263
4.088998
0.019799
0.992141
0.972493
0.557515
5.979922
0.038893
0.592446
1.860646
1.336580
3.553181
0.989459
0.882340
0.239120
2.563873
0.398711
3.001993
0.821892
1.599071
0.068157
1.768275
0.864367
0.372710
0.365369
0.739622
0.437962
0.938852
0.151809
2.738722
2.882821
0.155441
0.049426
5.164110
0.101545
0.364239
1.120662
1.512603
3.634235
1.751034
1.997473
0.662324
0.114287
6.012312
0.002067
0.540009
0.063893
0.557448
0.717085
0.064676
1.273424
0.953529
2.013031
0.943267
3.506613
1.198572
1.941572
0.782119
1.586774
2.398379
4.827833
0.769912
1.081858
1.817664
1.823183
0.162208
2.795446
1.927703
0.934882
1.852172
0.583570
1.672481
2.561886
6.214408
1.293210
0.276537
2.848648
0.590791
0.205916
0.343321
0.803419
0.454086
1.113287
0.303922
2.325582
4.295867
3.080976
1.138075
2.421767
0.150203
2.823729
0.376423
0.065460
2.271823
0.483633
0.578502
0.467261
1.394750
0.546961
2.812003
0.985000
1.882037
0.840103
0.144365
5.748665
0.221723
0.375644
2.252417
2.529222
2.752708
0.275695
4.613898
2.004541
0.094440
0.650813
0.601096
0.703378
0.664275
0.793558
1.836137
1.329099
2.452206
1.383862
0.392215
1.574836
2.816682
0.476577
0.615388
0.701525
0.567531
1.543277
2.346587
2.006789
3.817684
0.252893
3.858651
0.156480
4.181471
0.735225
0.921064
1.699875
0.462751
1.581253
2.910280
0.348907
1.429548
0.654401
2.217298
1.552651
0.021988
0.551792
0.902973
1.762802
0.880176
3.201396
1.586643
0.022179
1.286369
0.638037
4.896467
0.174780
1.783315
0.428009
0.136239
0.663986
1.846081
0.263109
4.684256
1.113287
0.169162
1.576536
0.365548
0.293716
0.187562
2.218489
0.055450
0.278280
1.564158
0.050056
1.913470
1.838307
0.646662
0.109540
6.873259
0.306154
1.157280
3.242566
1.597213
0.764732
0.022560
0.082505
0.463640
0.086473
2.274704
2.131071
1.532561
0.877931
1.109130
2.519774
2.792848
0.066636
4.982606
2.489640
0.778688
0.055693
0.010978
0.921663
1.039018
0.836378
1.061318
0.219285
1.985140
1.541997
2.869728
4.143535
0.782353
1.485732
0.322221
0.021750
2.131071
5.440837
0.638108
1.784962
0.229879
0.433973
0.347847
7.998016
1.608659
0.073811
3.802598
0.311721
0.100242
4.908970
0.821812
3.289244
1.836137
4.237975
1.570269
0.650813
0.066048
0.415841
0.194792
1.405365
1.867111
1.042713
0.199168
2.802395
1.357314
0.020179
0.202377
3.729311
2.603907
3.859805
2.410253
0.428877
0.644091
0.319214
0.357708
0.057154
1.905997
0.383154
1.237116
0.155441
5.099476
0.020417
5.248563
0.198687
0.238133
1.153102
2.546818
2.526794
0.681873
0.683922
0.042122
1.405131
3.392601
0.534152
3.104459
0.923116
0.563463
2.866396
1.538420
0.835651
0.078053
0.711856
1.922125
0.897158
0.952656
2.968331
1.453635
0.256772
2.024366
4.888563
0.280307
0.107978
1.939252
0.845706
1.945724
5.784538
0.185389
0.860748
0.800178
3.776685
4.687218
8.216864
0.647448
1.129539
3.176398
0.036343
3.149980
0.258826
0.267516
0.105915
1.448089
1.425748
10.399418
0.866097
1.204415
1.961101
4.153281
1.812318
2.740393
2.849247
5.523659
0.405968
1.384439
0.642522
0.645804
3.190153
0.679388
0.205916
0.610912
0.398711
0.820771
0.963772
0.310112
2.674638
2.350260
5.340942
1.350862
1.563639
0.024133
0.081168
1.364364
0.160122
1.209766
2.148238
1.250604
0.290084
2.563624
0.414488
0.054087
1.457142
3.258880
2.639258
0.055693
6.131368
2.211159
3.244499
1.891640
1.136698
0.286460
0.953878
2.920588
1.018402
3.714013
5.800754
0.440899
7.683893
1.631537
2.263009
0.545889
0.098639
0.499596
5.027554
3.247597
2.736218
1.122219
0.707834
4.886312
1.555746
0.236599
3.077154
3.391750
8.722800
0.689350
0.029819
3.117939
0.189260
1.836137
0.686340
1.127779
7.225791
0.054866
0.164087
0.143179
1.970536
0.109188
1.770351
0.337639
0.193354
3.002324
5.287477
1.550206
0.321700
1.992494
0.854599
0.273113
1.495009
0.353626
0.298497
2.359155
2.764272
0.454591
0.344143
0.961929
1.830109
0.990264
1.384324
2.202882
1.105755
1.108840
0.313505
0.619034
0.716785
0.850839
0.723759
2.441610
0.884675
0.254942
1.192342
3.784908
0.513233
3.415775
2.673304
1.248066
3.261224
1.148439
1.866795
0.821652
0.542345
3.216516
0.192130
4.870647
2.101529
5.080221
1.251557
1.299534
0.044440
0.020132
3.782162
0.660087
0.028670
0.847089
0.976562
1.191018
0.398711
0.799783
2.781067
0.104155
0.150359
1.136403
0.375644
0.221235
0.068059
2.855843
2.639258
0.704639
5.231579
4.190030
2.254652
0.920894
0.255995
0.770609
0.669345
2.111314
0.585149
0.287874
5.177641
3.025634
2.350260
0.693029
1.309180
1.447367
0.915351
2.018252
0.084289
0.741522
1.365961
1.557812
0.449678
0.634771
0.200130
1.529766
0.174096
0.867664
0.835974
0.781650
1.641739
1.960093
0.439274
0.554483
0.595416
4.190030
4.756953
0.372351
0.467707
2.203865
0.963421
3.235628
0.300550
2.744022
0.373667
1.078541
0.731444
3.087249
1.358563
2.759467
1.035609
4.481291
4.662712
0.716711
1.475530
0.776275
3.985402
0.035334
0.594379
0.393366
3.580850
2.746538
0.443402
1.441485
1.046323
0.121231
2.282757
0.713870
4.185745
0.759877
0.902720
4.840880
0.123976
0.302664
1.669421
2.704303
0.081911
0.016568
0.683336
2.345940
0.315348
0.390640
0.085182
0.261105
0.517434
0.947694
0.220748
0.702710
3.164233
0.640741
1.781670
2.336906
0.927314
0.025326
2.077065
0.707685
0.888936
2.420861
0.462307
0.180102
2.430175
1.272672
1.931653
1.538930
0.010411
0.462815
1.439808
0.050250
1.022960
0.080080
2.199740
0.709545
5.217567
1.030280
2.061208
2.363949
0.041158
0.640100
0.403525
1.957410
0.552935
0.588656
2.138593
0.352091
1.061412
0.825260
1.015856
1.768868
2.404865
0.138189
1.538675
0.651172
1.875668
5.496668
0.182267
0.863050
0.122145
0.792693
3.910251
0.990621
0.305353
0.749143
0.078794
6.040628
1.487706
0.559270
0.451503
0.911610
0.126829
0.076769
1.239110
0.483954
1.134832
2.347019
2.342923
0.911355
4.247597
0.140245
0.083694
1.323984
0.388100
1.761621
0.953965
0.182796
0.560486
0.917139
3.373132
0.626283
0.124842
6.167148
0.399015
0.044054
0.476705
0.711334
3.719271
0.574813
2.511104
0.912459
0.051512
1.415110
2.617487
0.369602
5.152033
0.295706
2.537018
1.641467
2.221072
0.555628
0.220964
1.773917
0.429125
0.835247
0.734014
0.786809
0.061497
0.530966
1.875668
0.837349
1.124265
1.739793
2.274910
0.964914
3.184190
0.809367
0.651602
4.731320
0.435343
0.797968
0.246873
2.349611
0.388403
1.229684
0.135418
0.090850
1.224368
4.240190
0.798283
4.727258
0.788062
0.815178
3.968588
0.927057
0.106921
3.916225
3.163499
0.259881
0.715514
1.444603
1.003097
3.592931
1.822262
0.216796
3.367674
0.830406
3.894825
0.300950
1.022686
1.748838
0.302721
1.587301
0.437401
0.488269
1.815524
0.892454
0.325061
0.776353
1.434312
0.786183
1.150322
2.363512
0.188464
0.450307
1.454239
0.405173
2.165982
0.234411
0.508848
4.757987
0.319734
1.535742
1.726467
1.105466
0.607424
1.927703
0.203020
1.040218
0.250902
2.060491
0.392699
1.765314
0.075437
2.174835
1.693086
5.346999
0.044585
0.464909
3.814319
1.572616
1.650088
2.164064
0.675377
0.668112
0.076671
0.261661
5.280196
0.932384
2.182380
1.001205
0.264001
3.530187
4.144229
2.269358
2.516637
0.932384
1.209354
2.379523
0.242469
0.888267
0.102749
0.634275
1.301611
1.823337
0.820931
2.605694
4.372040
0.034805
1.181072
2.878851
1.098355
2.421767
0.898420
1.175316
0.066440
4.691175
0.096638
0.524548
0.410069
0.247424
2.094369
1.736596
0.028862
0.313332
2.267307
0.513627
2.965424
1.160371
1.837067
0.085927
1.371676
0.165916
3.291236
0.109742
9.416218
0.060276
0.084934
0.417380
1.310389
1.723730
0.420215
3.179362
1.802893
0.924058
3.838031
1.465639
1.889875
5.754586
2.020171
1.681138
0.196712
4.196481
1.409702
2.669572
0.665939
0.159706
1.359812
0.481448
0.492984
0.218148
0.665794
1.279991
0.095888
0.836621
1.200517
3.094952
0.919954
1.540335
5.166806
2.333693
0.052678
0.461610
3.272213
3.069885
1.581647
2.534821
0.462878
0.373907
0.889020
3.659864
0.678366
0.233755
2.508944
0.042508
0.873120
0.664854
1.455811
0.038652
6.211744
1.700584
6.450231
0.443214
0.533554
1.909079
0.214474
0.841643
1.852172
1.094620
0.640598
6.836868
0.695315
1.223120
2.214127
0.358479
3.942184
0.310974
0.033509
1.596021
3.077154
3.587120
0.536878
0.601790
4.734374
0.834358
4.179339
0.411663
1.290926
0.052483
0.391125
0.889857
0.502392
0.486980
0.725789
0.964124
1.151711
0.399137
0.641168
0.407436
2.030152
1.489560
1.231460
0.363941
1.768720
6.817017
0.286460
0.067666
1.213894
0.061301
4.663684
0.650025
0.653324
1.347589
0.549643
3.498379
0.459520
0.066587
1.508593
4.927340
1.222081
7.155392
1.344773
3.736218
1.114255
1.886511
0.561838
4.731320
0.497778
0.338750
0.349142
0.114742
2.040199
1.687874
0.868324
10.359455
1.324428
3.401572
1.539569
0.739395
1.608392
1.019768
0.039615
3.221462
1.183400
1.095768
0.923373
0.767358
1.976293
0.787436
0.953878
0.337113
0.225361
1.773768
0.076720
0.173361
0.922774
0.917054
0.164244
1.018220
6.319219
0.065656
0.335594
0.445157
1.124265
4.849640
2.483730
1.595093
3.834621
0.760108
1.056646
4.189315
2.909036
0.827429
0.557178
2.542155
1.029821
0.497194
1.908916
1.704986
1.134439
1.989069
1.062535
1.183502
0.578570
3.913235
4.702111
2.335620
1.274176
2.611066
1.255269
0.836783
0.569162
1.155886
2.245531
0.299352
1.475040
1.604124
4.541216
0.057934
2.431087
5.145364
0.125606
1.083756
1.018402
1.309619
0.586661
0.547296
0.977803
2.661871
0.017613
1.759262
1.210694
0.150255
0.457496
0.272609
0.504671
2.939508
1.391383
2.373362
0.075092
5.486667
4.325260
1.941406
0.219772
2.249375
0.627341
0.658718
0.504867
2.041614
1.522171
1.631130
1.119301
0.883841
1.664287
7.791521
1.445324
1.193872
0.101445
0.167643
5.547671
0.870969
0.451062
0.987585
0.792929
0.845624
2.005751
2.929073
0.929976
5.391640
0.429994
0.107525
2.631966
3.875465
6.074336
4.020232
1.240792
0.375344
0.511988
0.684801
0.998058
0.095988
0.107777
1.296369
1.463936
5.530481
1.058233
0.761648
9.802855
2.092721
0.018088
1.289623
1.868217
2.022442
0.568278
0.319387
0.849779
1.001295
0.716187
5.580870
0.984822
0.184277
0.224491
1.676384
1.102483
1.095385
3.290439
0.330405
3.364744
1.713257
5.225959
3.494733
3.504322
0.571066
4.961205
0.925599
2.742067
0.129533
2.545836
2.340986
0.239998
0.934623
0.156896
1.543789
1.362997
1.804864
0.022036
0.089804
1.647894
3.101636
0.191120
1.048549
0.330464
0.954402
0.996891
1.889875
0.997071
0.877018
0.581993
0.452070
1.712971
0.496740
1.894855
2.085420
4.528686
0.019419
0.973112
1.273746
0.225144
1.468441
2.370072
0.654904
0.461737
2.404192
1.983775
2.778779
2.273469
1.505342
0.300893
0.809923
3.115447
0.061253
0.685680
5.481691
1.802590
1.205135
0.896821
0.850105
2.374680
0.405723
0.833874
0.899094
1.657930
1.115031
2.475026
2.260762
2.148427
1.197038
0.391730
2.180055
1.911842
2.276146
1.360153
0.683556
0.490915
1.891480
2.250389
0.555695
1.487089
0.323843
1.317117
1.691253
1.199391
0.526464
5.225959
1.255906
0.457117
0.391064
0.293432
0.224220
0.401329
0.509371
2.481844
1.765610
2.684284
0.382853
1.072590
4.569329
0.263833
0.181263
0.613218
1.019768
4.973057
0.150669
0.639388
0.314369
2.775924
0.014103
1.301830
2.183739
1.924584
0.759185
4.663684
0.650598
3.280507
2.179280
0.488978
10.525938
0.802470
1.952057
2.362422
0.451503
0.582679
2.547064
1.190713
1.048178
0.688469
1.276327
0.069090
0.640812
1.990267
2.358285
0.661963
2.378421
1.083186
0.955537
0.234903
0.517302
0.579391
0.642522
4.420287
1.119009
2.979361
1.293318
0.032598
0.082654
2.560397
0.849208
0.128818
1.546994
3.132976
1.344661
0.675960
0.523030
0.485434
3.280111
0.302150
7.078692
1.738339
0.100543
1.502970
0.165237
2.066056
0.958423
0.605613
0.550717
0.317886
0.176885
0.089904
0.373248
2.438629
0.332502
0.279293
1.033218
0.105010
0.828153
0.962806
1.042435
5.421606
0.189685
1.672759
0.778221
1.395215
1.937928
4.227679
2.805882
0.065460
0.814062
2.035079
3.224896
0.794580
1.334232
0.805558
1.011953
0.339336
3.505696
2.211950
0.456738
0.100994
1.421957
0.195698
1.499109
0.136085
3.570296
6.725141
0.302835
1.346687
5.180361
4.218180
0.950826
1.964295
1.074099
2.201506
2.592217
2.165406
0.694577
1.208529
1.411816
0.534019
0.255662
1.791417
0.936520
0.756726
0.589895
1.167173
2.678382
2.657110
1.740957
1.556650
1.002286
0.822533
3.048282
0.621564
0.440586
1.886831
1.576667
1.509093
1.767238
3.086900
1.383170
0.082010
2.910903
0.234083
0.157208
1.350071
0.011877
2.037902
0.181897
0.281378
0.693545
0.808970
1.890677
7.642865
1.492158
1.849670
2.704575
0.162156
1.287778
0.078942
0.419475
0.763420
0.746014
2.044626
0.240931
1.691394
4.100426
3.606087
0.874695
2.230049
1.817052
1.368816
0.030058
0.793400
1.576144
0.044295
0.457180
2.564121
1.806686
0.230152
3.428366
2.200721
0.012634
1.038834
1.119204
0.111155
3.023622
1.497493
12.049628
0.315751
0.422500
0.060080
3.026306
4.317470
6.450231
2.087424
0.086970
0.100693
1.395099
1.565326
0.239779
1.274391
1.047807
1.613341
0.567735
1.214618
3.777779
3.529721
0.311434
1.367673
0.291785
2.435882
6.081656
0.441962
1.106140
0.687588
3.120078
2.533359
0.452448
1.665396
0.112568
2.726795
0.973200
1.672481
1.681138
1.674571
3.339437
0.711408
1.191833
0.866262
0.483247
1.373165
1.011591
1.582828
5.124217
0.269529
3.124008
0.010884
2.823140
6.877356
3.893054
1.173402
0.675086
2.103186
8.460566
1.152208
4.510081
1.252829
3.432732
1.277081
1.009327
1.194892
1.489931
0.069286
5.468499
1.122998
1.484376
0.818531
0.518683
2.271001
3.372712
1.598540
0.107475
0.266288
10.359455
0.155025
1.321322
0.934537
0.923972
0.507933
1.777341
0.443464
0.679023
2.013379
2.037725
0.448044
3.546576
0.934106
0.987674
0.638037
1.276650
0.280532
2.539707
0.344789
1.307311
2.528736
1.264106
3.833486
1.171993
1.086893
5.910540
0.589000
2.054768
1.251769
0.344495
0.953791
0.147462
1.018948
0.776897
0.136393
0.254277
2.744022
2.532384
0.680411
0.391791
2.020520
0.783290
2.464272
0.000423
3.075420
0.666446
1.776894
1.853738
3.721907
0.160122
2.509184
0.332444
0.105311
0.234684
3.428802
0.097488
2.032614
0.661313
1.412051
0.100793
5.829549
5.580870
0.630804
12.049628
2.801235
0.135880
2.635087
0.813026
0.147979
1.658757
1.856560
0.162521
1.261652
0.052192
0.132550
4.493439
1.245216
4.122172
0.525803
5.102061
1.267955
2.555693
2.015291
0.156948
2.066776
1.929348
0.331978
1.859702
0.660159
0.733030
0.860501
0.323438
1.812013
2.358285
0.633070
2.532141
1.641330
3.454748
1.609461
0.013724
0.952569
2.397040
0.762495
0.793086
1.885231
3.778326
0.036679
2.023666
0.536678
1.652422
1.291035
3.022283
0.665071
7.513506
1.323207
0.412645
1.909241
0.719181
0.531231
2.437026
0.126778
1.577583
2.721829
2.338837
0.929288
0.204628
2.067316
0.896317
3.625786
1.718556
2.328139
0.118642
0.574131
2.786803
0.455348
0.775498
0.216094
3.746906
2.188989
1.824258
2.642132
0.113731
1.631808
2.059596
6.151712
0.527059
0.270984
3.666975
2.780781
0.559608
0.721281
1.151711
0.192928
0.557785
0.080178
2.900042
6.260417
1.336580
1.176828
1.724738
0.034949
3.041147
1.569488
0.123213
6.014652
1.178848
2.864280
0.318117
0.467643
1.043823
1.593241
1.116679
2.805591
2.496761
0.784306
2.408455
1.505342
4.357616
1.129148
2.175221
4.258775
2.402625
0.657781
4.022796
0.210808
0.212101
1.255375
2.092355
5.432795
2.739279
0.879926
0.196018
3.747979
1.051987
3.174179
2.738165
2.291061
1.922453
0.844323
1.993351
8.850487
1.920979
0.456106
0.385324
0.036343
1.330548
0.724962
0.088908
3.843160
2.310963
3.652786
2.250997
2.526309
0.351147
2.806173
3.105872
0.424788
0.978512
0.054574
0.275358
0.121332
1.617232
3.166806
0.416210
4.585891
0.348730
0.649166
1.051987
5.448921
0.532491
5.653197
2.548294
1.857973
0.394155
0.753888
0.305009
0.028192
0.382251
3.170857
0.821972
5.431191
0.390701
2.443677
0.489753
0.351265
0.023227
0.325931
0.102800
0.091647
0.502327
0.748074
0.251013
4.003035
3.615413
7.891307
0.613218
5.683107
0.355814
0.225035
1.300299
2.592724
0.523162
0.353449
0.117932
0.362098
0.499401
0.078794
0.168167
0.878430
1.571051
3.523216
1.366531
0.686267
0.551389
3.243339
4.403762
3.019272
2.366351
0.970904
0.127390
1.601196
0.154143
2.015639
0.141480
0.191917
1.244056
1.699875
1.197958
0.551994
0.598808
1.228640
3.581813
1.125338
2.551249
1.184110
0.003619
2.691018
1.884432
0.992410
0.077411
2.968654
2.877327
0.307530
0.247204
0.215878
1.493397
0.105462
2.448973
0.978423
0.288044
0.925000
0.583776
1.215238
0.091049
0.814221
1.873603
0.372949
1.635610
1.014947
3.067125
1.895659
4.975439
0.173045
1.755290
0.475745
0.093991
0.180471
3.901332
0.598808
4.503052
0.185654
0.828957
2.699138
4.318247
0.279406
1.082332
2.462642
0.762881
1.031289
0.332793
1.873603
3.912041
1.585853
0.033125
2.210172
3.468558
6.624458
0.113832
2.156226
0.670288
2.085784
0.215770
0.904240
0.204789
1.208426
0.884842
0.357294
0.625648
2.379082
10.359455
4.321360
0.038893
1.544430
4.606379
3.138382
0.189632
0.028336
3.782711
0.650957
0.814540
1.046787
2.837622
0.334893
3.269065
0.466689
0.521777
2.265464
4.141454
0.412154
1.430024
0.413075
3.424882
0.978778
0.030633
0.396826
0.816774
2.646322
0.078695
0.955100
0.038122
0.240163
0.442150
0.754731
1.272457
3.932474
2.053698
0.978867
1.677083
1.493397
0.993305
0.388403
0.121383
1.609728
2.380185
1.226034
6.520173
0.432977
0.078992
1.114352
0.139422
0.255995
0.104105
0.217391
1.436818
0.814939
0.081465
0.428939
0.021179
0.185230
2.063361
0.197299
1.466126
1.008965
1.164569
2.866699
2.288980
0.139165
0.359902
0.136854
5.188552
1.324428
0.217662
0.670433
0.718956
2.071822
0.844974
0.634984
0.478754
0.444906
0.141068
0.809685
3.135857
4.837608
1.246165
3.299232
4.035034
0.039760
1.377067
0.245385
1.930006
2.611579
0.107223
0.418550
1.762064
2.576601
1.205135
4.888563
0.970022
0.921748
0.232826
0.227918
1.060102
0.357531
1.705982
0.205004
3.330821
2.271823
1.019039
0.168900
2.927813
1.636834
0.036054
0.624873
0.752356
0.128614
1.133556
3.508449
0.726768
1.047992
2.898496
0.100743
3.451646
1.212138
4.447947
2.839999
3.519048
3.195015
2.736218
2.859453
0.071596
1.258989
1.620594
0.033893
2.731776
1.233448
1.962445
0.775187
2.380405
5.261425
0.082654
0.679972
4.751792
1.232401
0.600541
1.569488
0.631653
0.298269
2.163298
1.242371
1.302815
1.935613
3.185306
1.348491
1.140339
0.216472
1.495009
4.027293
0.046133
0.198260
2.352641
0.139936
1.076555
0.292694
0.350321
0.161061
1.519521
0.705975
2.184710
1.046045
2.902518
2.254855
1.228327
1.324317
3.400715
2.151466
0.544417
0.241590
0.019086
0.191173
0.761186
0.339863
0.386772
0.568482
1.281178
2.260150
0.285951
1.515115
1.822262
0.938075
4.188600
1.980200
1.537272
2.073989
0.866839
0.495184
1.425392
1.859545
1.599071
0.221940
0.163513
0.368468
0.870059
2.798917
2.100242
0.366203
0.102800
2.419729
0.165080
0.230588
0.548838
7.551185
3.633737
0.241810
0.221506
1.448571
1.668448
0.253059
7.482797
0.551389
0.164244
0.693766
1.282582
1.316896
0.927228
0.607703
0.017423
0.102749
0.003996
0.209516
2.062105
0.073220
3.708773
2.630928
1.049942
0.084240
2.117437
1.742850
5.806879
3.894234
2.026643
0.729707
1.753381
0.184224
0.202538
1.751181
0.352681
1.726323
2.119857
2.002814
2.103002
1.590862
0.207151
1.220004
5.393203
0.515266
0.278280
2.782213
0.033989
4.958845
3.441061
1.595358
2.901898
0.029867
0.328312
0.070809
1.360267
1.109227
0.020608
0.688689
0.384359
0.172730
0.048020
0.138549
0.395004
0.008663
0.360376
0.084636
0.855417
0.497583
0.443715
5.216173
2.298363
0.695979
0.773168
3.262398
0.522371
0.307587
1.173704
2.010080
2.757210
1.407239
0.185283
1.044841
0.024037
1.782567
2.444827
0.149117
2.951931
1.182387
0.640883
1.468685
1.017856
0.059690
1.766794
4.899867
1.436221
0.832179
1.713829
1.031473
3.324695
3.683352
0.895224
2.498904
0.038411
0.750672
3.246822
0.341620
2.154511
0.576588
0.276425
4.187886
0.813026
2.803847
2.866396
3.205539
0.716262
0.784462
0.823735
1.538037
0.049183
1.646113
3.162032
2.217496
1.217412
0.201896
0.377383
0.264558
0.132857
0.581856
0.699526
0.295593
2.189574
2.352641
0.877433
1.584406
0.042798
2.985233
3.418372
0.575700
1.825181
0.905847
1.093568
2.902208
0.574200
2.146153
1.458231
5.283104
0.240821
0.402670
1.353462
2.501766
0.929460
1.530909
0.150514
0.158144
0.514348
1.026067
0.011735
0.583982
1.095481
3.278528
1.025884
0.486915
0.599224
2.729283
0.323901
0.686707
3.748516
0.229607
0.147256
8.246546
1.171491
0.101194
3.038438
0.633566
1.794429
1.548150
0.516382
3.756049
1.630724
5.313977
1.792320
0.371155
0.070465
0.864120
2.765405
3.241408
1.681418
5.600424
0.483376
1.169782
0.629319
1.129344
1.321655
3.633238
4.388226
1.847952
1.094907
0.541678
0.791986
2.602122
1.004900
7.726045
2.356980
0.716561
0.687441
2.051915
0.521250
9.293075
0.120977
2.665849
0.575223
0.200772
4.543914
4.384163
0.603944
0.437214
0.481513
0.627130
2.137463
0.245110
0.101495
0.728275
1.427053
2.949375
1.126705
0.295081
0.126370
2.180055
0.061057
0.472550
2.580365
1.797597
0.791122
0.031160
0.089456
0.535015
6.832877
2.905308
0.913309
1.308960
1.195607
2.324731
1.520404
3.874300
0.871630
1.168879
0.801837
1.048456
3.772863
1.681698
1.842811
0.525473
0.536412
3.360566
4.677368
1.961941
1.205751
0.237147
0.519867
0.149013
0.482155
1.205135
0.086423
2.323455
1.220834
2.180829
0.084835
0.974261
1.301393
4.499549
0.166910
0.571610
1.331887
2.733718
0.347670
0.561162
0.085430
10.815249
8.543109
2.473150
1.533451
0.055303
2.174642
0.787436
1.898882
1.298879
1.444723
0.309825
0.383515
2.864582
0.370737
1.093568
1.172295
3.281299
1.532179
0.604013
4.600765
2.996057
1.305555
0.460470
2.314341
2.263622
2.328139
0.731746
0.882257
8.531042
2.017381
4.486485
1.290817
2.689130
0.773168
0.018943
1.507216
1.340727
0.484083
0.344495
3.530187
0.787201
0.783134
1.117552
0.968259
0.510941
1.421129
1.165170
0.014103
1.057579
1.565197
2.355243
6.431695
4.303547
1.072307
2.079603
0.201307
1.163568
1.408059
0.277212
1.849670
0.467643
0.002067
0.389309
1.311050
5.133433
1.057672
0.341620
0.901538
0.807144
1.729643
0.209947
0.549576
2.661077
2.070559
0.380807
1.201645
0.859762
0.524548
0.791671
1.946556
0.122145
2.256889
2.748779
0.718357
1.376263
2.704303
1.927539
5.049905
3.628266
0.498362
0.496286
0.548301
1.351992
3.501576
0.424416
1.110192
2.776780
2.405089
1.598407
6.009976
1.364022
1.076272
0.635693
0.327208
2.129196
1.583617
0.010411
0.077263
0.385143
0.346141
0.134803
1.143298
2.288565
0.566920
0.702117
0.303636
0.714169
1.516373
1.823797
1.060850
0.066097
0.195858
1.181173
1.105273
3.374815
0.772470
2.633526
1.735290
0.612519
0.679388
3.003316
0.976651
0.272945
0.732955
1.899205
1.829646
1.271491
1.922453
2.580365
4.198637
1.303801
0.695758
0.455917
0.227591
0.370797
0.220748
1.064972
2.560893
2.519774
0.113731
3.821056
2.291893
1.250816
0.047100
6.970369
4.822429
0.106217
1.276004
1.061692
0.325989
2.486564
3.163499
1.256331
1.046694
0.236709
0.032598
2.760031
2.321755
0.182690
0.250902
2.411604
1.036346
0.676907
3.436233
0.591274
0.178836
1.033494
1.948387
1.279020
0.030537
0.757340
0.854926
0.626777
1.752794
1.172798
1.080056
3.512588
1.388486
6.136429
1.291361
1.183603
0.050493
0.130351
1.429073
1.794127
5.627494
1.088988
0.425035
0.040242
0.446474
1.942900
2.113352
0.578844
0.662107
0.841319
11.171867
0.759646
2.793425
0.268858
0.210431
0.184489
3.563617
1.351087
0.080723
1.493521
4.506562
1.149529
1.537782
2.094003
2.029977
0.958160
1.683520
3.728251
0.028718
0.958511
0.835085
0.811832
0.303922
0.352209
4.498675
0.587142
2.251605
0.278956
3.379876
5.397900
1.041234
1.343873
6.758955
0.559675
1.263359
0.458444
0.035141
3.794834
3.467663
2.682672
0.782197
0.282393
0.250571
1.253995
0.155441
0.393851
0.033461
0.576588
0.356228
0.590171
2.566360
1.920979
2.264236
0.166335
1.957242
0.252506
0.223840
0.944567
2.697239
1.929019
1.251981
1.299206
0.418674
1.503968
0.454907
1.489931
0.691336
0.505388
1.642286
4.950615
2.355026
1.103252
0.023561
0.135264
1.908916
0.192609
0.293943
0.470509
0.932900
0.541611
1.560917
0.292523
3.822182
0.099641
1.905997
0.696643
1.230624
0.408170
3.577004
3.884235
2.247958
0.143025
0.604013
0.235942
0.452826
0.543615
0.540743
1.448450
0.287421
0.333376
3.209316
0.934537
1.821188
0.022465
1.199698
0.342324
3.419238
0.280758
2.050490
7.867698
0.710514
0.255884
1.055153
1.443043
1.770203
0.371095
3.296429
0.018896
5.415249
0.557178
0.875690
3.379876
2.313285
1.013313
0.687147
4.152582
1.233552
0.606170
1.823797
0.477345
2.173870
0.887682
0.201681
2.704031
0.155648
1.713543
1.912655
0.097288
2.475026
0.220043
0.438087
2.284621
0.915521
1.363339
0.827268
0.997609
0.560351
0.636119
1.147152
0.132550
1.494265
0.318059
0.018230
0.489624
3.323881
1.257925
0.850921
0.805082
1.009056
0.780480
0.213503
0.553944
2.046401
3.807610
0.870555
1.969860
2.513988
2.406883
0.670433
4.226214
0.751514
3.779969
2.239883
0.299695
1.934787
0.494602
0.201039
0.662613
2.626779
0.120063
0.979310
2.724034
1.035057
1.722579
0.015904
1.836137
5.031257
0.915606
3.184190
0.443966
2.075979
0.292864
0.723308
0.245110
1.284312
0.001268
0.871051
0.004420
5.858894
1.606256
0.755882
2.542155
0.908726
3.209694
4.474392
9.722570
1.195811
3.003646
0.881507
1.118718
0.169529
1.167374
0.239340
1.999194
3.624300
1.144779
3.512588
1.085181
1.991980
2.150136
1.641876
0.699748
0.713273
0.504671
0.544016
4.627144
1.230102
1.181173
0.652893
2.149376
0.190960
1.030188
2.742625
0.742206
1.477001
2.946185
0.046036
0.441649
1.550978
4.584042
0.485692
6.576484
3.349758
0.517434
1.278697
0.968875
1.199288
0.975942
0.416764
2.218687
2.055661
1.196220
0.580486
3.182703
2.174835
0.578228
3.009280
1.335685
2.773928
2.748499
6.914730
0.490592
0.106820
1.144483
2.424716
0.130606
0.739926
0.246708
3.009612
0.272272
0.089306
0.212748
1.545199
1.021682
2.035785
0.741142
0.651028
4.975439
0.826545
0.355341
1.772579
0.445282
0.784384
0.661241
6.468993
0.189366
1.513607
2.814048
0.182267
1.500727
0.812071
1.707406
2.269153
0.135316
0.028049
4.336232
0.992052
0.072186
0.105161
1.176627
3.093549
0.316962
0.351678
4.533149
1.515241
0.948998
0.091049
0.630380
1.814913
0.631936
3.383259
0.788768
6.813077
0.976651
4.975439
0.316732
0.782275
1.620728
0.080723
0.765658
0.353803
0.745709
0.177623
0.545488
1.835208
3.988536
1.074571
3.339849
0.295251
0.225144
2.815218
0.448546
0.126778
7.111779
2.662931
3.934896
0.903564
0.121789
0.185177
0.215068
0.805954
4.447101
1.689563
1.801378
7.602902
1.567926
1.104599
1.148340
3.246822
0.459330
0.912884
0.987674
0.739698
3.366836
1.446165
0.876685
0.692808
2.155654
0.779623
1.010323
0.508914
4.116025
1.935118
0.019894
0.193940
0.952569
11.935616
1.198981
0.724285
0.374565
0.001503
0.376363
3.323881
0.664058
2.449665
1.737903
1.553296
1.836292
7.041730
0.577681
0.647305
4.163089
1.316012
1.249335
5.752610
3.226425
0.871382
0.472167
4.956489
2.110388
3.949507
2.600085
0.506367
2.005405
1.234390
7.602902
0.340858
1.886831
0.279068
0.462434
2.499619
1.013767
1.674571
1.117941
0.182003
0.641667
1.712399
4.202237
4.533149
0.549442
0.290367
4.962386
0.557515
3.424447
1.182792
0.126727
0.833874
2.585145
4.412002
0.900864
0.493048
0.545086
1.588619
4.475253
2.126576
1.209560
0.076473
2.820789
0.211293
0.079486
0.156896
1.072779
0.349378
0.336937
3.356400
0.833551
1.705982
3.896006
0.042701
0.008994
0.083942
2.682672
1.762359
0.660736
3.087948
1.294734
2.324093
0.924743
0.405051
3.234090
0.663624
0.153520
1.769758
0.036872
0.969581
3.504322
0.683775
0.186555
2.137274
1.708973
0.569298
0.056910
3.733027
1.668587
0.242634
0.781104
0.555897
2.333907
2.047644
0.576315
4.436991
0.786183
0.288497
0.700636
6.573114
2.726518
1.999539
1.476878
0.151913
0.081960
0.050590
5.330400
1.885711
2.571847
0.268969
2.165023
1.596683
1.688999
3.203655
3.418372
0.073811
0.110398
2.057806
0.856892
0.116007
0.164401
0.537943
2.873067
0.750137
4.098403
0.124842
4.910112
2.870638
1.398358
1.462234
2.046578
0.772314
0.386349
0.309022
3.674118
1.469661
0.393669
1.167173
1.874714
3.665957
1.640784
0.486464
1.209147
2.288980
0.374086
0.264056
0.077757
0.284820
0.143746
0.003996
0.350498
0.751208
0.251897
0.807223
0.024896
0.928859
1.673874
0.094590
1.131693
1.060663
0.070219
2.375120
0.966586
0.098239
2.579862
0.189472
1.171189
2.649997
0.523954
1.174812
0.841643
1.822415
0.261272
0.296845
1.665812
2.414533
1.000755
0.266009
1.001745
0.330173
0.448421
0.522305
1.285286
0.004325
0.180313
0.631724
0.172152
1.692381
0.428939
1.561565
3.233322
0.021464
0.267405
0.323727
2.548294
6.503995
0.685607
0.014339
2.480431
1.175719
1.143495
4.265521
0.296275
1.612538
0.575427
1.518009
1.391847
6.164565
0.673630
3.989164
2.397486
0.061106
1.232297
0.711856
4.170839
0.827590
0.439149
0.040001
0.046423
0.051949
0.796549
0.692514
0.210970
2.890485
0.610004
0.829762
2.032438
0.010553
0.140039
4.233554
0.420585
3.881306
0.316386
2.037725
2.072183
0.345377
1.374771
5.596850
0.085381
5.434400
1.930500
1.399407
0.573245
0.976296
0.902298
1.493025
4.401298
0.958423
2.486091
1.109420
0.841157
0.787906
0.656846
0.731519
1.368587
2.452206
3.577484
0.259215
4.019591
2.567107
1.798957
1.278158
1.392891
1.027989
1.049013
0.014529
1.443163
1.490054
4.067053
0.261161
5.107246
2.009560
0.779934
0.810003
0.146429
0.150152
3.015268
0.007012
0.920552
0.609306
5.694475
4.175083
1.539952
0.956673
2.096385
0.847415
2.450820
0.007861
0.357412
0.315290
2.450820
4.055868
0.615318
0.259381
2.776209
0.145603
1.571834
4.406229
7.602902
0.034661
2.021219
1.901142
0.977182
1.302706
0.363346
1.796993
3.468110
0.685021
0.332910
0.126727
1.164869
1.165871
4.459834
1.102867
2.041614
2.175221
2.032086
2.722380
1.082806
4.876223
1.175316
0.741370
0.973642
2.016336
1.568837
1.276758
0.237366
3.998608
2.342707
2.538484
2.664522
0.699970
3.157638
2.209579
4.252059
0.258881
4.071019
3.004308
0.360554
1.275574
0.584325
8.835765
1.002016
4.474392
2.954492
1.290926
1.121830
1.671785
3.942793
1.136207
1.794278
1.021956
0.238243
1.930171
2.385930
0.875524
1.951222
0.421264
3.911444
1.175417
0.075043
5.461945
2.123212
0.927142
1.814607
0.057739
4.518912
1.011500
0.545889
0.870059
0.414795
2.859453
1.256649
1.077311
2.520015
2.343569
2.579109
1.116679
1.035793
0.798914
0.761340
0.031878
1.188881
2.200721
0.472231
0.432045
0.586317
0.161165
0.226612
0.391791
2.417694
2.479254
1.173503
3.448110
0.226448
4.086990
0.008333
2.914645
0.552666
3.506155
0.051366
0.030537
3.539999
0.311147
1.983264
4.302008
0.428691
1.399873
3.609516
3.067125
3.246048
0.082208
1.758231
0.885676
0.964036
0.552464
0.153209
0.211508
0.634133
1.533578
4.133850
0.261272
1.396029
4.690185
0.560013
0.213503
0.120063
0.520526
0.145294
0.179891
0.033605
0.147411
2.586406
0.602693
2.826969
0.802707
0.140348
0.414795
2.079784
0.530966
0.299523
0.367335
1.530401
1.114740
2.551003
1.007338
0.162364
5.346999
2.488693
1.470149
2.932543
2.302971
1.449173
0.471338
0.768286
1.272672
0.775653
0.609585
0.706942
3.004308
1.829492
0.599570
0.651961
0.155389
0.533155
0.235559
0.836298
0.312872
0.753581
3.940967
0.972493
0.177887
1.611734
0.456927
0.809128
1.231983
0.460723
0.917821
0.527456
5.284560
1.130224
0.077707
1.323984
0.208548
0.244615
0.715365
0.948998
1.217101
2.546818
0.398832
1.198265
2.642393
0.061448
1.350184
2.020520
0.523558
0.144726
0.695241
1.927375
0.045310
2.766822
0.195325
2.575348
1.559364
0.566988
2.374021
1.404897
2.182962
6.081656
0.419475
0.167329
2.882210
0.674868
3.105872
4.710113
0.193141
6.631435
3.509828
0.537877
0.275301
1.114837
1.700584
2.781640
0.334426
2.532628
1.356407
2.971243
0.757801
2.424716
5.563308
1.139847
0.545889
0.174359
1.195301
0.733711
2.529951
0.178941
1.767090
0.552599
1.333115
0.776197
0.630945
2.676777
1.058046
0.732955
1.410641
0.226068
0.045117
0.065509
2.953531
1.459443
0.027284
0.935916
1.328097
0.372171
2.896644
0.258770
1.459443
1.458716
0.952918
4.971868
0.076325
0.693103
0.331803
0.668909
1.048178
7.859909
3.449877
5.903988
3.948284
0.637042
0.554415
0.771694
2.676777
4.918127
0.261884
1.545199
3.177138
0.005032
6.203780
1.821648
2.854041
0.657422
0.086870
1.190102
5.982213
0.681946
1.025518
1.881877
1.205957
0.192609
3.789311
0.192822
2.202685
0.969757
2.193085
0.318117
3.299232
1.852798
1.118621
2.534821
1.324428
0.443464
0.091298
0.624450
0.731141
0.402853
0.795919
0.213934
0.797495
0.245385
4.453879
2.428808
0.107525
1.629098
1.286044
1.579679
7.037172
1.681418
1.677921
1.236801
2.920588
1.868376
1.066192
2.195431
0.727069
2.414758
3.313326
1.823951
0.348200
2.197192
1.564158
0.945175
2.544853
0.536545
2.630409
0.063893
0.478242
1.336133
0.273842
2.883127
0.009986
3.293231
1.994381
1.660276
0.588380
3.555073
0.318579
1.455932
2.633786
0.448546
2.305070
0.455475
1.407356
3.894234
0.576383
0.664275
0.450936
0.012492
0.546894
0.861981
1.203594
1.639694
1.279883
2.220078
3.204031
0.915181
0.798993
2.565116
0.672612
0.286855
1.858916
2.024541
1.353349
0.422623
6.149154
0.129789
6.101349
1.759115
3.462751
0.471210
2.283378
4.919276
0.101696
2.889870
0.922261
1.194382
2.413406
0.598323
2.880987
1.090036
1.339045
0.818611
1.358790
0.138343
4.505684
1.133752
0.211562
0.807223
0.998597
0.811116
0.155389
0.733182
1.528371
1.864585
0.232225
5.476731
0.358716
0.576930
0.058617
2.506069
0.017803
0.739622
0.441336
0.636616
1.449293
2.673037
1.652147
1.230206
1.961101
0.121180
1.851859
0.787436
0.249576
0.225633
1.453997
5.407339
2.310752
1.066944
0.020179
1.367673
1.200927
0.110549
1.206060
2.520740
3.591477
1.588224
2.228049
1.214514
2.114837
0.129738
0.096538
0.541344
0.349496
1.948054
2.070378
1.688577
0.645304
0.257882
0.110196
0.268243
0.393427
6.111290
0.934968
1.116000
0.480486
1.263038
1.029455
0.907963
0.772702
0.884258
0.108180
0.203502
4.537625
1.041696
0.640313
0.478306
2.639258
0.812707
1.602393
0.252727
2.359372
1.332780
0.380446
0.802549
1.004268
8.023729
2.724034
4.190746
0.050832
0.493307
0.204467
2.437483
2.312651
0.728199
2.886495
0.788533
0.068942
0.182479
1.756466
3.124365
1.007428
0.059788
3.997976
3.085853
3.366836
2.899423
1.987701
2.471511
0.035910
2.681330
0.107223
1.828259
0.659222
0.980820
0.491820
1.405482
0.330405
3.561239
0.341796
2.967684
0.537411
0.143540
3.016268
0.162991
0.325235
1.301502
1.863008
0.598877
0.857957
1.797899
0.439024
2.589435
0.094190
5.850453
0.576656
0.747082
0.784618
2.310963
1.160371
1.645839
1.060289
1.750302
0.787122
2.499857
0.576861
3.370611
1.333450
1.256968
0.065852
0.157000
1.493397
3.000342
1.365619
5.520259
3.574605
4.349662
1.498487
2.806173
4.402119
0.474147
0.370080
1.650774
2.844467
0.121231
1.067695
3.529255
0.076967
5.465219
0.694061
0.754884
0.303579
0.578023
1.315680
2.038608
0.188092
2.632226
0.768828
0.865355
0.138754
0.319734
0.105110
0.361920
5.054916
0.149634
0.373607
2.238877
0.992589
0.782275
1.316454
0.851983
1.350636
4.163089
0.064921
2.950013
1.901950
1.686749
1.117358
0.823575
0.075783
1.546224
1.075705
0.455601
1.816288
0.948911
4.026650
1.950721
2.283792
2.532628
0.251289
0.280251
0.629955
1.444123
1.616158
2.776495
0.313102
0.857711
0.599570
2.352858
0.774255
2.297109
3.448551
1.209251
2.048177
2.126763
0.765813
1.326095
1.795635
2.603142
0.274403
0.170106
0.588862
0.161895
0.753964
0.861076
1.772876
0.014245
1.305555
0.617350
0.048990
1.224264
6.927392
1.550720
0.963596
0.272777
1.137878
1.193974
0.639958
0.915606
3.539999
2.494384
0.115046
1.376608
2.245935
0.731217
1.410523
2.960591
1.379943
1.425748
0.369483
5.707845
2.836435
1.126412
4.949443
2.597289
0.859680
0.835570
0.685460
0.144313
3.148162
0.415718
1.566496
1.210591
0.260493
2.841487
0.352622
0.806192
2.167134
2.986541
1.331775
0.952482
2.333265
0.115805
1.094046
1.355047
2.014595
0.125351
0.988656
0.176359
2.564619
0.293148
0.573041
2.584389
0.538743
0.298212
0.284538
4.448793
3.271426
0.364239
1.128170
0.078300
1.155985
0.116412
0.889689
0.022560
2.088884
0.470828
3.237552
0.202003
2.224258
0.523096
0.237202
1.037912
1.582172
0.573927
0.556302
1.935283
1.647894
2.221669
2.119298
0.146378
0.099340
8.276812
1.417232
0.377503
1.456415
1.273531
0.409456
0.714617
2.864582
0.454528
1.259095
0.938420
1.383170
0.900442
0.710141
3.489735
1.778385
2.850144
0.793558
0.559473
0.568550
0.563057
0.703452
0.502652
0.010317
1.879008
1.600931
0.265562
2.261987
1.143100
3.629259
0.160279
0.349850
0.439086
0.551120
0.534883
0.387798
0.223623
1.184312
1.844834
0.469426
0.990353
0.962543
0.156064
0.940582
3.891286
0.952308
2.893561
2.209974
7.806458
0.528912
0.284651
1.043083
0.666156
1.757348
0.521316
0.418797
3.686443
0.601998
0.568890
1.540463
0.828635
1.145570
0.248693
4.198637
1.332445
0.375764
0.702933
3.590508
0.587967
1.245216
0.435593
3.936714
0.456611
2.639519
5.600424
2.997045
0.072974
2.812587
0.429125
1.396611
1.397892
1.602925
0.249135
2.206621
2.744301
1.440407
1.837842
1.215032
0.073171
1.921961
2.339697
0.254886
0.966674
0.501481
5.788576
2.485383
0.170211
2.138216
6.067050
2.272234
1.076650
2.999022
0.087665
0.931265
0.948998
2.472916
0.575086
3.174549
0.620018
1.966822
0.302607
1.636290
0.004702
0.288101
3.538125
3.665957
0.206990
2.227450
0.804369
6.217077
1.905834
2.383055
0.807620
1.342299
1.703139
4.094365
0.055401
0.326569
0.809049
3.534851
3.506613
0.529574
0.086175
0.177623
3.308076
0.620439
0.817652
0.291672
1.238795
4.040216
0.454150
0.839454
0.965882
0.436839
0.048844
0.257937
0.529905
0.103302
1.332780
3.054081
0.055303
0.901960
5.017724
0.184065
0.425097
1.117455
6.918939
0.639531
1.059167
0.632361
1.213378
0.447039
0.160487
0.480293
0.552801
0.106116
0.359368
3.186796
3.673096
0.554281
0.681799
2.391697
0.475937
0.644448
1.565197
1.154493
5.360715
1.019130
0.825019
1.913144
1.091276
1.880601
3.852896
1.703991
0.617631
2.907171
1.231147
3.460524
0.679680
0.950826
0.452826
0.580897
0.057641
7.464662
2.363730
2.945866
1.211622
1.341176
0.393730
0.427017
0.367395
0.242524
1.434908
1.288863
2.328565
6.617513
4.488221
1.049663
1.312482
1.576929
1.334902
1.704844
0.334543
0.327324
0.181844
0.430864
2.604417
2.129759
2.685897
12.615359
1.730655
0.637895
3.837462
0.068059
3.181588
3.492459
0.719781
1.189695
0.082703
1.407707
2.926554
0.899262
0.092345
0.449112
0.777909
1.949054
0.309998
4.509200
0.682092
6.910532
0.112164
1.845458
0.581034
0.171208
3.458300
0.577750
0.758185
1.390339
3.331230
0.272104
2.283792
0.943960
2.582627
0.189260
2.587162
0.520131
1.115224
0.631229
1.075516
0.274572
0.096488
0.265674
1.940743
0.602554
1.604257
2.253229
0.072974
0.063061
2.709485
3.706682
1.274606
1.831807
0.254831
0.603596
0.699304
1.153598
2.693179
0.260048
0.430367
7.622754
0.990532
0.043426
0.595278
0.425406
1.448210
0.037545
7.434904
1.625583
3.415775
0.497583
0.045214
3.684897
2.303391
0.764732
0.297927
1.334008
1.619114
0.867087
0.146274
1.730655
0.062572
1.649950
5.315463
0.241151
6.336440
2.331554
1.840946
2.400165
0.307989
3.517200
3.367674
1.239531
6.996743
3.282488
1.461506
1.672899
3.165703
0.766508
0.378523
1.374656
0.781260
0.493436
0.041495
0.548369
0.718807
1.145471
0.548167
2.113352
0.358419
1.301940
0.515266
0.178994
0.178203
0.102749
1.848265
1.898882
0.334076
3.908463
1.055619
0.143901
0.194312
2.593990
0.445345
0.411234
0.555493
2.939508
0.022560
0.736815
0.726918
1.581253
5.821267
0.777598
3.571731
1.014402
2.398155
0.353626
8.187744
3.246435
3.231403
0.354158
4.013840
0.187615
1.415464
0.293205
0.542546
0.160122
1.410406
1.425748
3.358899
0.335827
0.276312
5.227362
2.232251
0.487882
6.293742
2.813756
2.184321
1.666783
0.175043
0.776120
3.111539
0.524680
0.986515
0.360198
2.056197
1.603991
2.729837
2.800365
2.156798
3.100226
0.833067
0.306441
3.307673
1.340503
0.409027
0.062768
2.749340
2.663196
0.411234
3.408872
1.526470
1.605856
0.601027
0.562447
0.380025
2.014248
0.924657
0.021750
0.279687
1.514487
1.820421
0.087516
0.093991
4.375263
1.525331
0.013676
1.892283
0.175727
3.264748
2.158707
2.016510
8.630332
0.247590
2.071641
1.508467
0.135623
1.376952
0.395247
3.764704
0.767358
3.317783
0.986604
0.944567
3.755510
2.587667
0.631087
1.206471
2.095468
2.092538
0.439399
2.531410
1.643242
2.425625
0.074205
1.544942
0.556639
0.137522
1.501101
0.137470
2.457763
3.381567
2.961235
5.623857
3.127589
0.023656
2.440463
0.277155
0.616018
0.559743
1.387907
1.886671
0.092095
1.228953
0.160852
3.295229
0.385143
1.829646
1.527357
2.284829
5.017724
1.676105
3.215377
0.863461
0.453141
1.595226
0.797573
0.426335
0.288384
0.349201
1.964295
1.454843
0.429436
0.039567
0.739319
1.077217
0.305124
1.765906
0.166387
6.634936
1.484006
0.387315
0.658214
0.657134
0.272889
4.657857
0.687074
3.210450
0.779545
0.434783
0.163565
3.731433
0.205916
2.052449
0.120266
0.444780
1.129833
1.892764
1.079678
1.079393
0.876270
0.095938
2.606460
1.053197
1.286369
1.738048
3.969827
0.560959
1.945724
1.176324
0.465036
0.066097
2.871852
0.815098
0.057154
4.344908
0.237859
1.151314
1.808967
3.299633
3.011273
5.057428
0.015809
4.070358
0.112316
0.353567
3.095654
4.879579
0.236818
1.645566
0.106519
0.013676
0.124332
0.934709
0.475361
0.828233
1.010232
0.918930
0.821171
0.630097
0.698638
1.719704
1.922944
2.144259
1.058793
0.262831
1.234704
1.258563
1.165770
0.872706
0.715888
2.607483
1.475285
1.264960
4.983803
2.235661
1.994381
0.049038
0.187297
1.880761
0.805161
0.755345
0.261828
0.578228
0.303407
3.606087
0.485563
1.131008
0.540610
0.284368
0.204950
1.127877
0.158925
3.870808
2.115579
0.008333
1.646798
5.134754
0.214528
0.429498
4.652051
1.213378
1.144779
0.091846
0.497972
5.627494
3.537657
0.620580
0.190907
3.470349
1.157977
0.191758
0.330405
0.023418
0.307301
4.425279
3.703551
1.579024
3.205539
0.850105
3.762536
3.234090
1.736305
2.129384
6.706672
2.579109
1.044008
0.269753
12.615359
1.252511
0.666011
0.008805
0.200237
0.945695
0.190322
0.942227
0.058373
0.678731
0.192396
1.078541
0.681873
0.335594
1.667199
0.517434
5.525362
3.150708
3.428366
0.772780
1.180970
1.497244
5.333405
0.368230
2.711672
2.812003
0.049426
3.364325
0.335594
1.459565
3.969208
0.070957
2.434739
3.219939
0.230261
2.675974
2.976759
1.027165
4.837608
0.628824
1.809576
0.128104
0.440523
0.211885
1.664980
0.081564
3.689023
2.274910
2.564619
1.088702
0.749602
0.215176
0.827349
1.122804
0.511006
0.889355
0.216202
1.175719
1.055526
2.229249
6.185355
0.539809
3.024963
4.729288
3.616397
0.135777
2.198368
1.604523
0.091697
1.665257
1.854991
1.001295
1.512980
2.038962
0.488914
0.033125
0.617280
0.546157
1.101137
1.435266
0.709397
1.821801
0.162834
1.345448
0.004608
1.961773
0.767977
0.205916
1.081099
1.672899
1.964632
0.308046
1.835518
1.257712
5.026322
1.620998
2.378421
1.263038
2.696697
0.765658
2.007481
2.027695
2.868515
0.237859
2.643963
0.212963
1.095385
5.189921
2.223262
1.044933
1.234285
0.522502
3.554600
0.838968
2.633526
0.256106
2.854942
0.639459
1.955735
2.212148
0.395125
0.238791
1.850139
3.617876
2.365259
2.598051
2.045691
0.713049
1.041234
3.567430
0.532823
4.415310
5.022631
0.286460
2.025591
0.087665
2.915269
0.533222
1.513356
1.929677
0.932125
3.674630
4.882942
2.355677
0.448107
3.453418
1.703423
0.365607
1.328431
0.353508
1.147548
0.572223
0.281434
0.186820
2.257297
1.716119
2.371387
0.342852
1.161869
2.590952
1.675687
4.016394
0.939371
0.260159
4.438671
0.272160
1.217101
0.808970
3.270639
0.982597
1.537527
7.032627
6.638444
1.186544
1.071742
1.161969
3.095303
1.200005
0.198580
0.155493
4.356819
3.067470
3.859805
0.339160
2.411153
4.109902
1.456899
0.323553
0.620369
1.278266
1.190916
0.254499
1.195301
1.708261
5.025091
2.938239
4.835431
1.472715
0.589137
3.100226
1.729788
0.218040
3.263964
1.008151
0.063306
0.149531
2.456835
0.870803
2.305281
0.012776
6.844881
0.187191
2.195039
1.342187
2.911838
0.596800
0.263555
0.283352
0.448169
0.217121
0.248472
1.005893
2.466370
0.038171
4.725231
0.756342
2.426306
2.672236
0.722331
0.263443
3.870808
1.263999
1.365390
4.865091
0.108079
2.886495
0.757264
0.005833
0.557718
3.066780
1.456657
0.264725
0.862556
1.204415
4.819196
0.651100
0.183483
0.075043
3.838031
1.489189
0.095439
0.234520
0.091746
0.415103
0.324655
1.190306
0.614618
1.240056
0.508652
2.747098
1.687733
0.215284
0.105764
0.145139
1.295496
2.935389
0.413566
1.935118
3.523679
0.838806
0.602554
1.693228
1.391499
0.117932
4.473532
1.513231
1.214411
2.989488
0.654186
0.364239
0.587279
0.546760
2.115022
2.735384
5.496668
2.842678
0.885927
0.488269
1.784962
2.999352
0.161634
1.433477
0.769138
1.405365
0.593551
1.145372
0.269025
4.225482
2.249781
1.771539
1.165370
0.362633
0.005691
0.257548
1.202362
0.090153
0.741522
1.325873
1.561176
1.193668
0.052095
0.187244
0.336762
0.881841
0.710663
2.339052
3.523679
0.039085
0.178308
0.483826
1.565197
0.366858
0.474530
2.853441
0.367753
0.649309
0.135469
0.793951
1.061973
1.231774
0.770377
0.585012
0.640029
4.937770
0.622760
0.169372
3.059903
1.520151
4.080315
1.334455
0.876187
1.178848
1.063847
1.165370
6.889714
1.010866
0.613358
1.201234
4.322919
0.403097
1.476878
0.073811
0.764732
2.111499
0.231352
0.364893
3.180103
3.110120
1.435982
2.019822
0.579391
0.455412
0.313850
0.244780
0.989817
5.647653
0.241810
2.237469
1.268062
1.145965
0.195858
2.359372
0.407191
1.870591
3.768506
1.860016
1.961605
0.168691
0.704936
1.534214
0.526993
1.502721
0.375164
1.357201
2.113352
2.547556
0.857137
0.649882
0.381107
0.755651
5.952692
6.339330
4.093693
2.723758
1.248912
1.747668
0.296959
0.503173
0.194579
3.005632
0.411172
1.889234
2.719627
0.571542
0.845868
1.502471
0.527324
0.628471
0.020465
0.324887
1.312702
1.180970
0.418797
0.140965
0.010317
0.638179
0.159029
5.248563
0.299067
2.897570
0.319965
2.860357
0.226013
0.171890
0.474147
0.480678
0.479203
0.743195
2.323667
1.471615
2.289812
1.283988
0.117729
0.662830
0.503564
0.436029
1.034505
1.381094
1.023690
1.453152
0.130248
2.892638
0.733711
1.915751
0.281547
0.392275
4.114662
0.397616
0.875109
0.009561
2.332837
0.536346
2.551249
3.435795
3.006626
1.096343
2.731776
2.383497
0.845787
1.852172
1.930665
0.910507
0.996532
1.209972
3.066091
2.910280
0.052240
1.619786
0.015714
1.517631
0.346788
0.297984
2.030504
0.785870
1.258776
1.350636
1.238900
0.679388
2.304440
1.572616
0.628683
4.119436
5.653197
0.393124
0.361623
3.699386
2.241696
0.123467
2.023141
2.653945
0.973200
0.060227
1.084516
4.674426
0.878679
3.845445
6.296552
2.625744
14.929324
1.225826
1.643925
0.954751
6.227798
0.243129
0.711334
0.764732
0.404624
1.214411
5.196786
1.139354
0.292864
0.878430
5.917119
5.185817
2.809960
0.253502
1.433239
6.987901
0.614688
0.265451
1.691253
0.037593
0.335711
2.302132
2.254448
0.048699
1.861118
0.502001
0.798599
0.146636
0.866179
4.233554
0.331628
1.235962
0.375404
0.172573
6.970369
1.353236
3.018604
4.905550
0.110852
1.012316
1.395099
4.305088
0.219068
1.233343
2.454287
1.238165
0.574404
4.460686
2.976759
1.308630
4.079649
0.476449
2.067676
0.461990
0.372470
0.552733
0.292012
1.789162
1.825334
1.946556
3.897188
2.298782
1.010504
0.110146
0.224763
0.178150
0.304322
4.999459
0.441837
0.256993
1.494885
1.910541
0.694135
4.552037
0.269417
0.661602
1.474183
3.214618
2.025767
0.567531
1.065348
1.441005
0.800573
1.567406
1.321876
2.503916
1.608125
0.163356
1.366303
1.729210
0.019371
5.369928
0.810003
12.615359
0.983131
3.612953
2.610041
1.744017
0.204146
1.959254
1.235543
0.866592
0.986247
0.802074
1.554714
1.994209
0.029962
0.421326
0.806350
1.191018
0.703823
0.617841
0.462244
0.032118
1.319550
0.923715
1.161569
1.814760
5.259991
1.015947
1.169782
0.422067
0.182902
0.627624
0.304837
1.096726
0.367753
1.698458
0.302435
2.502721
1.412521
0.506628
0.464401
0.091149
1.297678
1.013041
0.839049
0.011215
0.461420
0.593136
1.514864
4.011928
2.558415
6.111290
5.778501
0.056472
1.109709
0.405540
2.231049
0.303579
0.274852
0.389733
0.870720
2.914957
0.641097
1.135814
3.008616
0.297016
2.849845
1.801226
6.434769
4.460686
5.998347
0.505323
0.368170
0.487302
4.605442
1.308850
1.283015
7.525963
0.038122
3.666975
0.112568
0.767281
2.127698
4.548422
0.630733
0.658718
3.360984
1.995583
2.418598
1.019404
0.600333
2.596019
1.259095
0.893461
1.570921
0.939976
0.827751
2.779637
1.401507
0.025373
2.844765
0.048650
0.393851
1.314466
1.372707
0.501936
2.109093
0.047197
2.228049
0.669272
0.084388
1.191324
3.296429
0.465481
5.129476
1.564158
3.111184
0.197085
4.882942
3.572688
0.959649
2.468471
1.509719
0.972758
0.042991
0.831454
1.208118
0.517499
0.280645
0.543882
2.512786
0.822853
0.349260
0.945782
3.503406
0.420277
3.847162
0.448295
0.314484
3.991048
1.246482
0.397008
1.741394
5.305093
1.224368
2.665849
0.617911
0.300722
4.418626
6.313521
1.338821
4.374457
5.839966
0.508783
0.646448
0.188199
2.452899
1.634794
0.309251
0.714393
2.249983
0.633849
3.331230
0.707536
0.688542
0.153883
0.243844
1.289189
0.103201
0.634416
1.357314
0.075684
0.586386
0.391669
2.661077
0.284481
3.524143
0.638250
2.611835
0.813026
2.330913
0.060178
0.353744
0.441149
3.181217
0.094989
2.855242
0.795289
1.703707
1.047621
0.497908
0.543013
0.387496
1.853894
0.674649
0.133983
0.931609
0.492078
1.953560
0.114995
0.429498
1.597479
0.695684
3.651273
0.493760
0.842211
0.012208
0.622901
0.172888
0.061888
1.020770
3.546105
0.887264
2.959627
3.182703
0.909404
0.057349
0.402731
1.363225
1.863323
0.530502
2.114465
0.238024
3.080280
3.200644
0.161008
2.663461
1.009508
0.963596
2.463341
4.760058
1.018038
0.016331
0.458318
0.039519
2.009387
1.054408
0.695167
0.654042
3.156542
1.794579
0.197993
1.038926
4.065733
2.652628
0.971257
0.387013
0.719031
1.826873
3.004308
0.213664
0.157364
0.255773
1.821341
1.814454
0.152535
0.824698
0.376723
7.434904
0.349614
0.383214
4.359212
2.376440
2.154320
0.475553
0.387315
0.290707
0.950478
3.445463
0.103553
1.210487
0.822533
1.087083
2.134640
0.136290
1.057019
1.744455
0.753964
1.011410
0.144829
0.840103
5.819203
0.192556
0.771461
1.363795
0.133932
0.858777
0.391669
3.200268
1.877416
1.654623
1.447849
0.757878
0.901117
2.084509
0.077312
0.449867
1.259521
1.064222
2.240487
0.386953
0.014482
3.599252
2.548294
2.231250
0.101094
1.447849
0.602693
1.407707
1.361404
0.994022
3.184190
0.213611
1.372707
0.534816
0.192662
2.283171
0.219447
0.909743
1.924748
1.539058
0.309710
1.925076
2.327073
1.018948
1.111255
4.373651
2.183350
1.266778
0.450873
2.442528
0.048117
0.131782
0.246873
0.587348
0.203342
0.021179
0.277212
1.076555
2.903757
0.032262
1.102675
1.498363
0.386228
0.130300
1.699875
1.046045
1.097971
2.017555
1.157678
0.891197
0.418181
0.803815
0.418489
0.234083
1.098738
3.066780
2.752146
0.162730
1.026524
0.196551
0.470509
4.422781
0.674067
3.805938
3.579887
0.492402
1.588619
0.238188
0.209194
0.540610
0.396583
0.384419
0.117425
4.153281
2.919961
3.244886
0.255108
1.598540
1.172798
0.604222
0.854353
1.814149
1.815218
0.470190
0.864120
0.028814
0.589826
2.004023
1.214721
1.149430
0.095838
0.353449
1.103444
3.877799
1.262718
0.015762
0.270536
2.971567
3.188660
0.762727
7.446738
1.462720
0.629672
0.600749
1.634387
0.018896
1.813996
0.973996
4.652051
2.297527
3.114024
0.472933
0.915691
0.133983
0.327614
1.446165
0.512316
1.122122
0.888853
0.200665
0.483504
0.199328
1.136501
0.880925
3.432295
2.428126
0.316616
1.054315
0.511661
2.051202
1.187560
0.629814
2.263009
0.293318
2.254245
0.535348
0.170001
0.094739
3.574125
0.237750
4.385787
9.459558
3.752278
0.166596
1.795333
0.136598
0.108633
0.337113
0.534417
3.607556
2.685628
4.192894
0.142922
0.740382
0.223188
2.292310
0.479139
2.012510
1.040772
0.657422
0.152483
0.318810
1.324539
3.575084
0.894636
2.390809
2.817561
4.412828
2.092172
3.115802
2.926239
1.179858
5.481691
1.143002
2.371387
0.412154
1.892925
2.216504
3.177879
0.198420
3.965494
1.184110
0.251731
3.496100
1.250922
0.778921
0.734998
1.154095
0.970286
6.478460
0.931007
0.743728
3.412320
0.112366
0.255718
0.678731
4.673446
0.697751
1.335685
3.991048
0.682531
2.669572
0.212694
1.506591
2.969948
1.655862
0.602554
3.569818
1.181173
2.316667
0.728953
2.649209
1.438372
3.123292
2.527765
1.355274
1.828567
2.925925
4.826751
0.651817
0.532691
3.729841
2.256075
0.472997
0.886011
2.848349
1.594167
0.572836
0.383033
3.565046
2.079422
2.060312
0.355281
3.649259
1.216584
2.024716
0.725488
2.480902
0.132652
0.317770
1.714258
0.744033
1.296587
0.129227
2.099874
0.909573
3.582777
0.838401
8.555270
0.030154
2.358502
0.385143
1.099218
4.724219
2.940460
1.058419
5.265737
1.246799
1.623019
1.955233
0.216851
1.043638
2.415435
1.973412
0.019086
1.808054
0.215932
1.140438
0.521514
0.893881
0.629248
0.026472
0.133420
0.855253
1.647894
0.039808
1.881080
3.707728
0.479395
1.677921
0.834439
2.289604
12.796563
1.046972
3.008616
1.617098
2.783072
0.867169
0.308735
2.936971
7.102253
3.274184
1.192954
0.605126
3.902518
0.103302
5.436007
0.650957
0.213071
0.013960
0.572836
0.277324
0.122094
0.276256
0.354631
0.658862
0.107626
0.208387
2.716056
7.964388
0.918759
0.849534
0.763652
1.333785
4.942429
2.851642
0.066636
1.548664
1.311821
0.459583
0.446223
5.413663
1.831961
0.885843
0.478818
1.754702
0.054622
2.427898
2.098771
1.527103
0.011120
1.200210
0.225524
1.628016
0.024896
0.429249
4.470954
0.312929
0.906693
0.339804
0.843186
1.150918
1.929512
1.624233
2.565365
1.049106
0.420277
0.539143
2.052984
1.538803
1.553811
0.025278
2.609529
2.089431
0.037545
0.725413
0.174359
4.155377
2.193867
2.340771
0.961665
3.537657
0.916543
2.624451
0.845624
1.742413
1.354368
1.921306
1.729788
1.270848
1.635610
0.780870
2.201114
0.861981
0.075635
0.235450
0.070219
0.286799
1.535233
0.381228
1.352218
0.957985
0.575700
1.355727
6.416417
1.389876
0.913734
0.039519
2.629890
1.232401
0.891700
2.104845
2.027344
0.170421
0.680338
3.262007
2.461014
0.173203
4.168721
3.210450
0.417934
1.879645
2.317514
0.397920
0.146016
1.938590
0.256106
1.169080
4.006205
2.948098
0.248417
0.610423
0.340800
0.066391
1.454118
1.806079
0.621775
1.213274
1.656551
0.094540
0.218419
0.157780
0.229552
0.433102
1.472226
2.383497
2.967361
0.181052
3.006958
3.537657
4.051287
3.236012
4.458130
0.863214
0.192822
1.172396
1.507091
1.060663
0.929288
0.560486
2.188794
0.740914
0.036631
1.734420
0.266790
0.725639
0.464909
3.539999
3.637727
0.358775
1.296259
1.053942
2.103371
0.397859
1.562731
1.779728
1.631266
0.135674
0.507999
0.421697
0.284820
0.182532
0.261383
1.900658
1.320325
0.240053
0.330696
1.076839
1.212551
5.813029
0.144313
2.379303
0.583364
0.327092
1.875668
1.684502
0.024705
1.284745
1.885391
1.506841
0.381408
2.394144
0.565970
1.829492
0.602762
1.812318
0.887598
0.579049
2.939508
1.989069
0.336353
0.634913
0.471338
3.412751
3.945841
0.350380
0.736209
2.961879
2.097302
1.711114
0.006021
0.919698
3.921622
0.244615
2.790254
0.566242
3.034383
0.061790
0.520789
2.536529
0.184436
0.197459
0.455664
0.143798
0.387859
0.694209
1.081383
0.624591
2.193476
0.384901
1.783615
0.054622
0.731141
2.655527
1.596418
1.004990
0.448358
0.060520
0.120063
0.260716
2.001779
3.761994
0.197138
0.564343
1.158775
0.782587
0.051221
0.667967
0.735376
3.334918
0.947867
0.759108
0.696569
1.027073
0.971522
1.074949
3.283678
1.219693
3.416640
0.144778
1.194382
0.648307
0.163252
4.096383
2.669572
0.922261
2.371387
0.368289
3.373553
2.044449
2.884963
0.423798
0.595209
0.920552
6.263167
0.050881
0.360851
0.784149
0.130657
1.191324
0.705975
1.552394
7.107008
1.821955
0.098639
1.693933
2.300247
0.027571
0.112013
1.574575
0.090401
7.348934
0.881507
0.948824
1.091086
3.945841
2.121161
0.611680
0.204896
1.130322
0.530237
1.653522
0.663046
3.449877
3.857498
2.880987
1.612270
0.351442
5.873779
2.916207
1.530401
1.737031
0.250018
0.101947
0.553608
0.338926
1.154891
0.915776
1.293210
0.374326
2.423808
0.732804
1.205854
0.274908
2.673304
0.330755
2.399048
0.194206
1.356747
3.549875
0.113225
3.991048
1.582828
0.027188
1.900173
1.046787
0.222971
0.014387
0.242140
1.047436
1.302159
0.537211
2.438400
0.281603
0.483311
0.527985
2.397932
0.978423
2.487510
0.950565
1.875985
0.490398
0.491949
2.839999
3.033709
2.677847
2.461944
0.015193
0.540676
0.373907
7.145592
4.913542
0.003666
0.070121
2.826379
3.074035
1.117844
0.019419
2.497237
0.326221
0.966938
1.690126
0.897579
0.201307
0.269473
0.010317
1.033586
2.310120
2.589688
0.298725
1.577060
0.303236
1.100177
4.875107
4.741522
0.930405
1.032024
0.519604
0.289743
0.381829
2.886802
1.089083
2.754395
1.563509
