10.453447
8.806493
1.212658
0.172714
1.423255
1.867553
2.815776
2.910801
1.457620
5.836946
0.021971
0.179779
1.777678
3.058715
5.281169
0.688360
0.871941
1.742216
1.651126
1.020004
2.605005
0.407257
0.197486
0.493095
2.542455
3.075404
3.286094
3.364952
4.504477
4.353609
0.164347
4.418149
0.251983
1.260684
2.843408
0.101405
2.068292
0.165010
2.778457
1.032341
0.352716
0.181583
0.361911
1.388126
4.277052
3.003156
4.117326
0.088476
0.628138
1.598182
3.225172
0.887576
1.383123
4.869584
3.573777
0.196409
0.561577
1.356368
1.997790
0.225779
4.321045
3.193886
0.578377
0.036712
2.561697
5.238830
3.985919
0.996862
0.749920
6.791924
1.232567
0.042626
1.356969
0.642225
3.884631
0.635672
0.454268
0.986041
3.908183
7.750230
2.423345
2.890240
5.019247
3.582177
0.601000
0.126540
0.307935
2.785079
5.233809
0.475522
7.311014
0.419490
1.307426
6.943225
1.066170
3.964094
0.258571
0.374899
0.224891
3.821360
0.089561
1.119827
0.333298
1.639732
1.169370
1.241630
7.425192
1.297593
0.153971
3.245790
0.180648
0.573575
6.037648
0.155620
0.238185
8.510341
0.639366
1.772341
4.691096
0.723805
0.403669
1.167946
0.176977
0.122188
1.148234
4.259518
4.150113
0.560204
1.830172
0.204302
1.562005
0.023452
3.622843
0.495831
0.771706
0.717592
4.885671
2.387583
0.284367
0.071895
1.330560
3.166052
7.400347
0.853525
0.669334
1.114172
0.702359
3.450471
0.641888
0.086563
0.485145
0.457948
1.014016
3.010842
5.398357
1.635164
7.915715
1.873463
0.355703
0.801644
1.053933
2.392220
5.798892
0.710266
0.345376
2.319477
2.203582
4.137996
2.971086
0.251845
2.135859
2.472956
4.570559
2.663555
0.354755
0.235436
5.600627
3.929403
0.219230
0.423107
1.247999
1.684712
0.999980
0.583846
5.207242
4.732295
0.462712
0.930946
3.281680
3.402064
0.051562
1.985729
2.965701
0.119854
3.300665
8.409690
5.841471
2.943507
0.261908
0.566270
3.974309
6.480503
1.804881
0.227282
0.548045
1.789889
1.403458
2.558404
0.258571
1.408635
4.372536
3.077678
1.440238
4.742729
7.320482
1.790486
0.190022
1.870661
0.751252
0.059595
0.157138
2.947233
1.115984
10.759856
4.238575
0.886910
0.839824
0.409353
1.853473
0.013227
3.549508
2.651569
8.908817
1.607432
2.499188
2.276916
4.759141
5.028277
0.156939
2.438781
0.010403
1.786307
2.536589
0.308291
1.647506
0.976272
2.492598
2.446648
0.405238
2.829544
0.950386
4.663257
1.091606
0.781515
1.613850
1.961333
4.399338
4.094028
1.307778
3.899158
0.013043
1.482569
0.336690
10.619223
5.209718
0.754988
1.379227
2.553584
2.916565
4.099235
0.372250
5.276894
2.650650
1.142391
0.977664
2.064005
0.487013
5.422091
1.741633
1.109383
1.250165
0.780433
0.565541
0.469492
5.683652
5.157555
3.289885
0.121409
5.277748
6.602629
4.057493
3.273196
1.369035
0.088987
2.271968
0.061545
1.092660
2.875278
0.331713
0.924055
0.335174
0.430435
0.712792
1.863520
1.091501
1.206289
1.022241
1.436104
1.619055
0.140503
2.967584
5.183466
0.358330
0.917768
1.310127
0.017656
0.465945
1.912781
3.311184
0.401280
0.198565
0.201330
4.179990
2.244033
4.290566
4.289523
0.455954
0.410552
0.412951
1.409376
1.831544
1.876424
4.105881
0.512322
0.437715
0.695952
0.313211
0.328473
8.607276
3.393720
0.263021
4.650729
2.400310
2.553803
1.304494
0.097876
0.902088
0.460175
0.593923
0.070503
1.023361
0.501862
1.203613
3.464569
1.783923
6.190771
1.189956
6.052695
2.773077
0.325239
4.714166
0.567324
1.309539
0.610253
0.425521
4.636419
3.322722
4.448957
6.288891
0.283452
0.192238
1.265735
5.481741
0.309787
8.836644
2.247034
1.719881
1.894127
4.496946
1.585196
1.810457
1.059109
2.047797
2.782869
0.072274
3.153903
3.378788
7.837396
5.653529
2.796906
1.626474
6.283233
0.518403
3.054213
0.336690
0.005256
3.865565
2.752185
0.739645
2.065891
4.155468
0.188680
0.957663
0.508304
1.288156
0.193247
1.342108
9.468494
1.796022
1.037051
3.161895
1.965406
0.443954
1.684004
3.299711
2.314423
3.756832
2.761147
0.158458
5.264974
1.723634
0.971802
0.169257
8.078731
2.987600
0.007460
2.421910
0.834166
0.149822
4.317342
0.169124
0.296930
4.336460
3.363311
0.539714
2.295486
2.363163
2.056823
0.625799
0.493642
1.992659
3.967198
1.388982
4.174077
1.432978
5.219651
1.017363
0.669590
3.912496
1.486030
1.911511
3.427983
0.092436
1.545017
0.000488
5.889611
0.290992
4.484266
5.040380
2.017944
1.471711
0.055575
2.634408
0.728017
5.808895
0.412576
2.871170
0.675656
0.022526
0.663798
1.900589
0.574632
2.890240
1.453954
0.374384
1.721324
1.180572
1.364442
0.275661
0.327826
0.020182
0.102818
1.004916
1.469546
1.380200
1.377646
0.469415
4.952796
4.011609
1.513549
0.782056
0.181182
0.857364
1.324988
0.182586
1.091501
7.649850
0.406135
3.010842
0.781425
0.766237
0.197352
0.055888
0.772244
0.071072
9.650107
2.279777
3.821772
0.967441
4.215839
5.387497
0.529666
0.472350
0.858770
0.199778
2.682136
1.647924
0.307650
3.451499
0.702099
1.353484
0.181049
0.323803
2.689383
0.375930
0.343201
0.421750
0.218072
4.204317
4.176539
3.479810
5.139136
7.191849
2.792709
0.534763
0.020799
1.206958
0.013903
1.953051
2.200645
0.384566
0.650066
6.574656
3.426967
0.822806
1.545414
0.244106
0.053756
0.789742
5.792251
0.375930
3.657502
1.423255
3.501133
0.864498
1.315893
0.153246
1.566274
0.722666
0.759266
1.410859
1.114492
0.348062
0.126084
3.228236
1.499032
0.388861
0.557782
12.572668
0.936202
0.752852
3.579982
0.299765
1.323804
1.790038
1.583579
0.541553
3.523041
1.699077
3.036028
0.875530
7.052233
3.309267
2.051198
0.960424
0.231458
1.835666
0.096211
1.879858
2.619200
4.767067
0.907461
2.368142
0.198969
2.864002
1.617410
0.208769
0.661503
0.029576
0.675827
1.924889
13.052013
3.056182
0.006970
0.132531
4.323694
1.052590
0.996963
2.584456
1.482569
0.725559
0.552546
2.255122
4.239591
1.405305
0.304876
1.555750
0.982945
0.684575
0.019935
3.221808
1.028866
2.432592
4.606269
0.551178
0.522362
0.785579
0.135859
1.996299
1.277376
0.274400
2.784833
0.521490
4.256439
3.048320
2.256442
0.462173
1.232454
0.510824
2.269689
1.762003
0.045059
4.018425
1.354325
3.121086
5.220481
0.570000
0.260725
0.982646
0.471346
1.504852
3.127490
0.296010
3.620231
1.881578
4.946271
4.934723
0.650742
0.617139
0.210802
1.994478
0.322870
0.245762
1.795722
2.532254
0.243210
3.033801
0.429527
0.688188
3.060406
0.140896
0.146602
1.691384
3.391057
1.516413
1.232341
2.178211
6.323177
0.565784
2.480114
0.695779
0.483356
0.316211
2.114136
1.739447
4.677128
2.880940
2.766738
1.210197
3.002882
2.522751
0.014149
3.219059
6.298830
3.161302
0.229609
5.560864
4.351458
6.793746
2.690086
1.437606
0.046683
0.406584
1.728119
1.028764
1.353844
0.696125
4.971034
2.640569
1.070856
5.220481
0.946659
1.813780
0.293817
2.341398
2.426628
1.636547
0.141551
1.469674
0.171583
1.655730
0.894914
1.513419
7.800865
0.738673
0.288170
0.445402
5.677382
2.491325
1.299579
0.567162
0.843171
1.525946
5.631996
0.078993
1.621113
2.938991
2.601865
4.003461
1.297009
4.674599
0.807576
5.421173
5.490274
1.846392
3.255712
1.110128
4.457443
6.912035
0.985441
1.218823
5.615744
4.974702
2.811291
0.653617
0.113384
3.187867
1.434978
1.767165
0.162029
3.574142
0.611496
0.568783
4.235528
1.330678
4.414816
0.761676
2.396059
0.810503
0.705917
2.246846
1.832917
1.591002
0.828524
0.281906
1.573500
1.780798
0.295586
0.830003
0.031931
0.386639
1.458758
0.907077
2.345929
0.346029
3.022150
0.576504
0.241350
0.931724
1.452187
1.119934
3.757630
0.122642
2.487087
0.750364
0.130445
6.984914
3.447732
5.074817
0.097940
2.542238
0.140306
4.124992
1.772933
1.431604
2.145292
1.848391
2.444782
3.232533
0.332577
0.289721
2.487722
0.031373
2.410674
0.596142
0.097300
4.626524
0.855958
1.211539
4.237559
1.894914
0.363081
1.082357
5.136746
0.260656
0.971702
1.410735
1.212322
0.110672
0.650573
7.243683
8.956628
1.490012
15.249238
0.791917
1.768052
0.215895
0.220797
2.099958
0.612159
1.202833
6.449566
0.533488
1.240609
3.133037
2.997138
0.914294
0.138409
2.576693
1.265850
1.923452
5.093429
1.651823
0.154762
1.251420
0.781425
2.537023
5.591611
1.879077
1.225233
0.647280
1.004009
3.366594
0.572924
0.758909
0.318285
1.954996
1.768790
0.215284
0.186401
3.144766
1.050009
2.572271
2.865536
3.017454
1.798721
0.643235
0.395619
0.306370
0.322297
0.392126
0.556653
0.413552
2.105897
2.667026
1.189735
2.407824
1.050628
1.450926
0.264205
0.262464
0.775480
2.066405
4.663257
0.006419
4.627141
1.961170
2.150294
0.142272
1.096775
2.847459
1.908815
2.933692
2.234309
2.918665
3.837927
1.983424
0.641299
2.461221
5.509367
0.580335
0.076011
3.034635
4.007983
0.789560
0.782147
0.251845
0.184794
1.272988
4.304171
0.322942
3.053651
0.620881
0.292828
1.999946
0.269715
0.766237
0.893864
6.216560
2.995500
2.316171
2.935545
3.133037
0.656581
1.546471
5.416589
2.432386
1.968180
0.904197
1.464082
3.214182
2.205420
1.753331
3.428661
0.038951
1.959544
5.038105
0.079184
0.347844
0.983444
0.845964
3.192982
0.503667
3.837927
7.741426
3.636710
0.408080
8.075268
2.822774
0.977664
3.014972
3.611670
0.492705
0.326604
0.970611
0.642561
0.647111
1.057452
1.937392
1.662166
0.657937
0.408230
2.607252
1.778717
0.559719
5.263277
0.860364
4.679660
1.683154
2.691257
3.037978
0.821609
0.228651
1.561205
0.740617
0.911982
4.971767
0.458869
2.505373
8.131412
1.521109
0.173313
1.529877
0.618635
0.273211
5.329677
0.431268
0.971306
0.950877
2.210390
1.712683
0.564165
1.006127
7.141325
0.305943
1.418039
1.631573
0.294383
0.436955
0.393760
1.811363
0.478931
0.930557
1.449036
2.895166
3.838342
6.047667
1.182445
1.215458
3.944698
0.217052
0.530382
0.170652
4.536655
2.002934
1.786903
1.804430
0.764000
0.841590
8.893130
1.226585
1.913894
1.804580
0.836762
1.173316
1.108533
0.338496
3.502891
0.141420
1.666093
6.094668
0.040009
0.080708
0.187406
3.127782
0.209853
1.547794
3.336916
2.151010
0.748588
2.340217
0.634582
2.412304
1.129681
0.117069
1.924570
1.196384
1.112788
1.457367
0.906500
1.108533
0.119270
0.859332
1.400751
2.232818
1.925369
4.234007
5.434064
0.876098
1.556415
1.545678
2.253427
7.871479
0.190358
2.151547
3.708304
0.904869
3.913791
4.110641
3.665117
4.841912
0.646268
1.133657
2.759206
0.791192
4.102555
0.799822
0.962200
0.812151
1.325817
1.447147
6.852955
1.391673
0.348062
0.216235
5.243024
2.969738
5.424848
4.164261
2.614006
3.143884
0.549812
5.949668
0.643656
1.887842
0.323229
5.355267
3.150361
4.367652
0.338641
1.107577
2.449762
0.339870
2.724824
0.487869
1.174853
0.626634
1.156270
9.347245
2.196431
1.824997
1.683012
5.143126
4.029379
0.213042
1.209192
8.887929
3.500781
3.537662
0.552224
0.778270
4.373623
9.386850
0.229814
1.387149
1.439736
0.309573
0.095122
0.107900
0.211006
1.964427
5.896583
0.163022
1.472858
3.331420
0.485612
0.689911
0.884629
0.668055
1.907072
0.859332
0.696039
1.502781
1.724646
3.205675
2.074655
0.505552
2.364755
1.368914
1.321203
2.707025
1.772045
3.553112
0.797093
5.664901
5.115364
1.887058
4.306273
3.744887
2.600072
5.545177
2.942177
0.746282
3.070865
5.302679
2.692195
0.603969
0.669334
1.977837
0.799549
1.817714
1.277839
5.423928
1.123570
0.943037
1.399276
4.916811
2.632586
0.818482
0.513505
0.808125
1.491298
0.955890
0.240524
2.614683
3.382097
0.217324
0.108931
5.002799
0.509485
6.271965
0.525773
0.496300
2.116772
0.318142
3.334974
0.701752
0.349951
3.927662
2.031045
4.895527
0.093587
4.650105
2.274441
1.348327
1.753038
0.901321
1.127213
2.885585
1.010675
0.939226
10.148395
1.107046
5.130387
1.749229
0.107192
0.136578
6.241303
1.037666
1.249937
0.652179
2.528793
2.279204
2.342972
0.579519
1.164119
3.249505
2.900885
2.500466
5.202299
5.347290
0.116616
1.620289
0.071515
0.900268
1.376795
8.438527
1.878297
2.273299
1.553626
1.634335
2.813782
2.734142
1.511599
5.023757
9.245312
0.344071
2.635319
1.866777
0.446775
0.558993
2.517156
2.908187
4.363861
0.424766
0.802555
0.219638
2.229279
1.085191
7.741426
5.530582
1.474898
2.908187
1.075031
2.271588
2.220553
1.879702
3.049161
1.845624
2.425601
1.322267
0.220183
0.518957
2.902968
0.773592
6.699381
0.391681
0.971603
4.263115
1.711677
3.626582
3.707135
1.331272
6.378696
2.254746
1.845010
2.008925
1.279574
1.673266
2.587347
1.844703
0.948718
5.616756
3.010292
1.968669
2.302228
0.275941
0.369018
2.718160
8.064914
2.735819
1.039512
4.695561
1.347489
1.102063
0.525931
1.174634
0.040009
3.071999
0.230157
1.377160
0.202073
6.446499
0.047933
1.255418
5.597617
1.467511
0.158525
0.254130
1.510430
0.321867
3.508174
1.127320
1.309774
4.900473
4.055174
2.694542
5.118518
1.264241
1.779906
0.809679
0.302461
0.072211
1.840869
0.076645
0.345448
1.432728
3.195997
5.224637
0.022526
1.557744
1.415808
2.551616
4.696200
4.589848
2.570946
8.791586
11.339640
0.058715
4.000752
2.610401
0.021230
0.159582
0.089306
1.195053
1.023361
0.629308
0.742209
0.729335
0.681054
7.809936
3.628454
1.077853
4.468813
0.752052
1.467511
5.929448
2.181115
1.729133
6.209741
0.098710
3.781747
1.258965
0.629057
0.530462
2.428066
0.700452
2.927087
0.779441
0.133052
0.332505
4.052394
1.434728
1.448658
0.704962
0.678825
2.239539
3.723171
2.032562
6.658071
1.345215
0.063749
2.178574
2.154591
1.389471
1.270798
2.035431
2.633724
2.222407
2.125409
1.127320
0.076265
1.630883
0.075377
3.238072
1.121751
2.312288
0.680368
1.422385
3.529091
0.477458
2.215743
0.126475
0.802282
1.334600
2.690554
1.286762
0.756680
1.761414
0.240317
4.026635
0.072464
1.116304
1.364200
0.546360
2.089347
1.645560
2.383961
0.682256
0.334164
0.465252
4.112072
1.793028
0.501783
2.231513
2.231886
0.006358
0.899885
2.393027
1.601170
1.927608
1.080261
4.023438
5.420255
0.303455
3.655603
2.047457
1.276914
9.800079
2.578908
0.295373
0.212295
0.044935
0.151270
0.507596
0.244451
0.312497
0.544837
0.083061
9.005610
2.867583
0.091924
1.509910
0.330632
0.728017
1.509391
0.164148
1.182886
2.751944
3.115572
3.915952
1.288156
1.095930
4.443320
6.586127
1.688826
12.269056
0.788745
5.298358
1.807893
6.138854
6.420613
2.769905
0.699413
0.992747
6.902387
6.066588
1.104076
1.541320
2.471275
3.839175
0.890717
2.955777
0.017040
1.726961
1.106410
1.517717
3.500430
5.374902
2.066405
5.316568
2.981087
2.589573
0.296930
1.142931
1.204170
2.096299
4.382886
1.222644
0.135598
0.649052
0.178244
0.393314
0.733735
0.748056
3.011943
1.301099
6.340543
2.114311
0.095698
0.692670
0.405911
0.957072
1.065546
0.586463
9.539173
0.606200
2.495359
6.094668
3.428322
3.870209
0.311070
2.185479
2.591579
3.490967
2.489205
4.486565
0.311783
1.561338
3.118472
1.656289
2.261352
1.723345
0.025491
0.464559
4.556214
0.403146
0.511140
0.013104
1.944964
0.821425
2.414957
0.010955
1.977509
1.277145
0.857926
0.897302
0.670529
1.221857
0.285704
6.788284
0.130575
5.702579
1.084561
0.669676
1.007743
2.110450
1.240382
2.784833
3.875711
2.582013
2.943241
1.723345
0.263300
2.359386
1.557478
0.708612
2.443746
0.416857
4.736201
5.008764
4.297881
8.252439
0.444869
8.962011
3.828384
1.186197
6.408547
1.253818
1.480393
0.023761
4.535476
2.351855
6.093383
2.797895
1.526863
0.833796
4.219359
2.211312
2.754603
2.283979
0.769821
2.790491
5.053320
8.013934
2.479060
1.207182
5.259887
1.120789
1.590732
1.958568
2.302228
0.937958
0.019997
1.560273
1.187965
0.641467
1.432603
0.198362
1.995968
0.342839
2.305125
2.699008
0.734175
6.664897
2.601640
0.766595
0.325095
1.853164
1.904856
0.739822
0.043562
0.151863
0.234750
2.075516
5.099672
1.292228
0.185865
2.150115
1.487442
0.700106
0.186803
0.590968
0.029018
2.808058
1.896646
5.234645
1.181894
1.900273
0.216303
2.215373
0.845871
0.565055
0.189620
1.115558
2.885585
0.831945
1.279458
0.294100
1.470055
0.130445
0.973092
7.266646
3.546630
0.078676
2.096647
4.537245
0.109060
7.680859
0.580742
0.161566
2.995227
0.748322
3.575965
0.758106
5.952060
2.139058
2.078102
0.051437
0.678910
1.288505
6.836125
4.574763
2.241223
2.851011
1.047122
3.487823
2.836086
0.196813
0.243417
0.386491
1.357571
5.200655
0.767132
0.065073
3.365609
1.041669
0.443878
1.248569
0.407706
1.972757
1.544092
1.184431
0.501470
1.898222
0.275171
1.407648
0.282538
4.580783
1.053107
2.349087
0.348933
0.097364
0.687671
7.370935
3.085656
5.793356
2.072073
2.128592
4.162793
0.490364
1.106940
4.104930
1.418411
1.927128
4.318928
3.464569
2.458297
2.566977
4.029837
3.006721
3.033244
3.008368
1.977181
1.278764
1.360581
0.102497
0.372250
11.028812
3.225479
1.451683
1.572160
2.748322
0.842985
0.543635
0.216711
1.650290
1.171232
0.622047
0.340015
1.869262
3.173496
1.100158
0.038080
0.277063
1.837960
3.088800
4.557405
2.124173
0.825110
0.591050
1.849006
2.645374
4.600780
0.011323
1.583983
3.527666
0.765163
0.432253
10.034621
1.113320
3.098546
2.883261
0.076075
8.385300
0.482036
2.230396
0.643992
3.128948
0.000427
1.060042
2.033405
0.833611
0.689221
0.304379
0.876476
0.779892
1.023972
0.696385
1.449162
3.234993
1.975213
9.178130
0.455111
2.395857
0.431950
0.220320
2.183296
0.346174
1.447147
0.818666
1.307308
4.732295
1.459771
0.242590
0.491924
0.361472
0.546922
2.371136
1.490269
0.608184
1.042183
0.657683
0.282046
1.321085
0.524106
1.471201
2.659167
0.698114
0.276852
0.506338
0.548768
1.426740
1.789440
1.981615
0.730126
1.411106
4.810554
0.180381
2.357402
0.156741
13.137133
1.319786
0.872696
0.021539
0.022650
0.603804
2.855332
0.035469
7.974066
0.917865
1.065546
0.092372
0.455494
10.840948
0.042065
1.996299
1.702505
1.123891
0.733030
0.879885
1.847468
4.190380
4.965911
9.935724
0.826309
1.808345
0.996662
1.235961
4.342339
0.403370
2.326106
0.345811
2.994681
0.902759
0.403669
3.085656
4.246722
0.240661
2.284553
0.547724
0.203559
1.288854
0.838617
2.262676
1.507315
4.566365
0.069934
0.861866
0.935910
1.214450
0.121993
0.675827
0.527043
2.975945
2.650880
1.135379
0.149230
0.061671
3.113834
0.815452
1.624685
3.709083
0.102368
6.372779
5.966475
1.097937
0.953333
2.749287
0.807211
3.241464
0.835556
1.378497
0.815911
1.451683
1.648759
0.362057
0.240730
1.583309
0.559800
0.380649
3.033523
4.645117
3.497973
0.818666
0.038453
2.124350
0.513269
7.974066
0.184794
3.165755
2.192409
0.919991
5.895419
2.674450
1.482697
10.043859
2.496209
3.490967
0.442354
4.181471
0.365425
2.251733
1.183658
1.119186
1.551371
2.480747
0.352570
8.409690
0.656327
2.547903
0.136513
1.851623
0.072464
3.164863
0.671041
0.499353
1.653357
1.289319
0.627553
2.835582
3.009467
1.257248
0.072907
0.635756
2.284170
2.788029
0.436196
2.772589
0.879601
1.216804
2.693603
1.967853
3.022150
0.715060
0.092244
2.017442
2.087440
11.707826
0.162757
0.166601
5.843737
1.072212
0.600505
0.239767
1.286530
4.170636
6.308820
0.274120
0.109447
1.066274
0.174844
3.803702
1.961821
0.843823
2.823024
0.507518
7.062633
9.989061
1.380809
2.305705
0.603722
4.948443
5.866542
4.977641
0.341969
1.243789
1.505759
2.351064
2.347310
0.065767
0.189016
3.975199
1.956944
3.749258
5.251438
0.303952
1.495677
1.869262
0.466253
2.492598
0.646352
3.986814
0.532373
0.764626
0.464944
1.172219
1.501617
4.101131
1.964590
3.085656
0.463019
0.498961
4.675231
1.495161
1.861971
0.297639
4.279126
0.367110
2.013263
0.297851
3.150951
0.426503
3.434431
0.486312
1.085401
1.193611
1.458252
0.203694
2.512435
0.371589
0.563680
0.205587
1.882516
1.162591
1.973739
0.408904
0.438247
1.385196
4.524894
0.800824
0.097043
2.245908
1.155943
2.795671
3.856730
0.794004
0.854554
0.320720
0.279027
2.031382
1.165103
1.334600
0.380723
1.691384
2.660090
1.342347
0.059343
4.184436
3.433752
0.886910
2.142262
1.238907
0.262116
4.181965
0.054445
7.554269
1.451683
1.185203
0.887766
6.806549
0.570731
0.408305
0.528076
1.092871
2.146899
2.057677
3.008643
0.162162
2.081555
0.639282
2.219072
0.758641
0.935423
0.487168
0.310357
8.000556
0.315067
1.390938
2.757509
18.021827
7.025442
0.633409
0.131422
0.214740
2.662168
0.232966
0.195736
1.485517
1.368914
0.140765
1.604026
0.034475
3.400058
1.342586
2.932633
0.012859
2.221665
0.498726
1.126676
0.587117
3.442947
0.742651
4.012063
3.961881
0.441212
2.976485
0.233721
6.284646
0.459176
1.555219
1.239361
4.813262
1.179141
0.329336
2.682136
1.111510
3.481201
0.795729
6.941261
0.868640
1.407031
7.809936
2.611527
1.562538
2.272539
2.896464
3.692773
1.992990
1.970630
3.091375
2.184387
0.109576
0.066650
1.477835
2.233004
0.340666
0.052314
1.724357
1.701076
2.747840
4.849483
0.903622
2.104498
4.952070
0.141158
0.666096
1.735083
1.350005
7.214221
1.510430
1.047122
6.009120
3.515594
0.175244
5.544201
0.329984
2.796412
0.007644
0.517770
2.496422
0.040445
1.879390
1.104500
0.986640
0.677026
2.061608
2.055288
0.707047
0.747790
0.024688
0.266505
0.775390
0.225027
0.435209
0.985042
1.579541
0.008073
5.012502
1.736391
0.143911
1.873774
0.404341
2.826532
0.053505
0.187742
0.575283
0.763285
0.386491
3.245171
2.187847
0.706960
4.420373
2.331778
5.181837
2.764791
4.530766
1.137211
4.155956
5.013999
1.846085
3.861774
1.131399
1.208075
0.919411
1.289202
2.623728
0.842613
1.584387
2.876564
0.653617
3.485729
2.128415
0.003421
0.505552
6.305960
1.413208
0.606778
0.761587
0.216303
2.161414
1.142499
2.262109
0.031869
0.038453
3.354147
5.626903
2.948832
5.207242
0.361764
4.372536
0.547885
1.868796
3.191175
0.348861
0.830188
0.700019
1.582636
0.282609
3.001513
4.321574
0.439463
1.616999
1.360581
1.229743
0.625215
0.115452
1.572026
1.538289
2.146185
0.191701
1.941094
0.934351
0.214196
1.151379
5.645298
0.382644
5.035832
3.528378
2.524044
1.596419
0.039200
3.443288
5.539327
0.136447
1.960194
1.339006
2.149043
0.516190
2.368741
0.061797
1.569750
2.718873
1.406045
4.696839
3.919848
1.064402
0.915259
1.619329
2.080001
1.308130
5.518983
0.862430
0.698287
3.204463
0.202816
3.344375
0.507518
2.095255
4.176046
2.651569
4.740115
1.631021
0.943526
0.667033
5.533493
6.086971
0.366304
2.257386
0.950582
0.019011
0.286831
1.497096
0.195534
1.491298
0.513347
1.219272
0.681312
0.359060
0.211684
0.129272
8.580370
5.048743
0.208972
3.642737
2.036107
0.302887
1.633921
0.291203
1.895228
6.283233
4.524308
2.932633
2.802598
1.223769
1.232002
0.867038
2.840628
1.226923
1.826061
6.190771
1.647645
0.457718
5.199833
0.422503
1.261143
3.843757
0.565055
0.733030
0.556653
0.171583
0.242865
0.989241
4.236543
2.143687
1.351324
0.625966
0.608101
0.776469
1.266539
0.474284
1.176941
3.521266
1.532108
0.028151
2.906098
1.298060
0.827786
1.694087
1.443124
10.746654
1.145743
1.470819
0.903334
0.199036
7.329994
0.121085
0.724770
1.679052
3.144766
1.471329
0.646858
0.583192
4.585008
3.405746
0.540513
2.500040
3.236532
0.783952
4.050081
8.211277
2.128769
0.745839
2.128061
0.479009
2.368741
1.460405
1.575109
1.655591
5.182651
6.280410
4.835738
0.427637
1.555617
1.558010
0.070440
2.283023
0.055763
2.034756
3.569772
2.605230
1.150403
0.283945
0.075441
1.315304
3.102573
0.198025
1.647228
0.790648
0.132074
2.134084
0.583029
1.331153
3.080809
0.389380
2.937400
0.657683
1.916756
0.713838
3.078816
0.952940
7.292212
9.434070
0.574144
4.572960
0.249008
0.328689
5.008764
2.290875
2.257386
4.706447
4.180484
1.893340
0.203491
0.311213
0.621214
0.694570
6.389093
1.148993
5.998067
6.180011
2.124703
4.302597
0.733823
4.773696
0.938348
0.035780
4.819366
1.080052
4.416482
0.852403
0.646942
0.739645
0.177310
1.968506
1.104182
0.397033
2.504092
1.218262
1.201720
1.538552
0.882730
0.719778
3.850024
2.519736
0.060853
1.499420
3.237764
5.326173
1.135379
1.520195
0.199778
0.640038
0.695002
1.812571
0.030071
0.096851
3.015523
1.435854
3.128073
0.523551
1.182115
1.906597
4.608713
1.216243
2.414344
0.665500
5.128800
0.781515
0.507124
1.501746
0.362642
1.028050
0.853712
2.719349
3.001513
2.827536
3.669700
0.503981
1.693518
0.874396
0.156939
1.533027
0.658955
0.396810
0.093459
0.862524
1.210756
1.089395
0.443573
3.296536
2.544415
1.571892
1.642644
0.055261
2.006260
2.040842
0.231115
3.803702
3.517010
3.582177
4.288481
1.051454
2.313258
0.333010
2.949632
1.880796
0.576097
2.203399
1.288621
0.298772
1.823022
0.563437
1.806085
0.144632
0.974681
3.090516
0.767491
2.234309
3.182766
0.605869
2.279968
1.467384
1.829867
1.031420
3.802885
1.302035
1.577928
1.023870
1.159646
2.326302
3.361344
1.133872
0.630730
0.231252
2.612203
0.974085
1.805483
2.783851
1.280500
1.843322
0.508541
0.332649
15.249238
0.007031
1.567343
0.517850
4.285358
1.113852
3.995795
0.120048
0.733382
1.489626
0.234750
2.646062
5.196549
0.142272
0.658192
3.547709
3.231612
12.005517
2.204501
1.936588
0.326245
0.132596
0.743625
1.874086
0.230910
1.060976
1.977181
1.338887
0.542193
5.374902
2.571608
0.238941
8.558221
2.741340
0.764000
1.695939
3.634831
2.112731
3.011117
7.035704
0.846803
4.309956
0.504295
0.005072
3.100558
0.045871
0.338786
4.896232
2.143509
1.046607
1.887999
5.788939
2.414752
4.384525
0.630144
3.847933
2.627811
0.612408
1.490012
1.868641
5.335824
0.569189
6.006659
3.568682
3.967641
0.741678
0.342332
0.279799
4.824128
0.529984
1.382879
3.683127
0.904485
2.614683
1.795123
0.857364
4.071466
6.701121
0.271742
1.500453
1.254617
0.790285
5.347290
1.107153
5.103583
0.670700
2.860937
2.880940
1.809853
2.358394
3.069448
0.909672
1.520587
0.888337
0.514926
0.200925
0.054006
0.576097
0.316854
1.033057
0.876193
0.342983
3.325617
0.150809
4.804476
0.376003
2.038642
0.610170
1.186750
3.365609
0.416331
1.163901
2.226119
0.371001
0.287042
0.698461
3.992198
3.825489
2.671199
0.500372
3.171111
0.366231
2.749046
1.339722
1.919782
0.693361
0.494658
2.132842
7.056387
3.683897
0.478001
0.885864
0.036525
2.012428
3.648025
0.068860
1.948842
0.078993
1.969160
2.442918
0.998571
2.460594
2.255122
0.991745
3.351863
0.144370
1.680607
0.590230
0.376445
1.047431
1.375824
0.172714
1.458379
4.183942
1.824085
0.371662
0.868074
0.706091
5.508408
0.533408
0.657344
0.159119
0.270973
1.124640
0.835927
0.188077
0.111576
0.131553
0.541713
4.225407
2.165916
0.219366
0.373868
0.004032
0.638190
0.173046
1.479625
4.235528
1.118011
1.300514
0.171982
8.662199
2.306092
0.373427
0.090072
2.597610
0.915355
0.150217
1.382514
3.635958
2.632586
1.471074
2.013263
2.198446
1.402104
1.490012
0.893101
0.370046
0.633660
1.267804
1.741779
6.380178
2.375335
0.880548
3.643491
0.634330
0.008134
0.425219
1.499549
0.373868
2.772833
1.841482
1.118545
3.722386
0.667885
0.645593
2.763819
0.845592
5.227967
0.795366
1.065962
1.822263
0.721353
0.383901
3.291466
0.088030
3.248885
0.034413
2.424575
2.662862
2.090388
1.499032
1.719160
0.610502
1.476558
3.520911
0.099287
0.744510
0.542834
0.893101
2.083457
0.527679
1.070335
2.654559
2.016104
1.210309
1.966710
0.348425
0.212567
0.153839
10.034621
1.541188
0.088668
1.312949
2.341398
3.469060
2.185843
0.874774
0.790013
2.757024
1.787500
4.134617
2.320061
1.316718
0.544516
1.368914
3.035749
0.874491
0.095954
0.282117
2.321814
0.448455
3.174391
0.150283
0.315139
1.210421
2.558623
1.416675
0.969124
1.604162
2.169705
7.641476
0.272441
2.929462
5.388400
1.881734
0.650319
0.131813
0.368284
1.263667
0.497474
0.059846
3.685437
4.293698
0.526408
1.587355
2.251733
0.164877
6.138854
0.543955
2.236362
6.715095
1.047534
0.697595
7.834326
1.087082
1.435728
3.271315
0.717592
4.952070
1.713833
0.322727
0.185597
3.651810
2.639426
1.645282
0.488648
0.781966
3.161895
1.234602
0.929877
7.156567
1.287343
2.051028
3.998047
0.671468
1.278301
4.735550
0.191701
0.336762
0.911789
0.580906
0.894532
0.606778
3.224866
0.422654
0.719953
2.536372
5.196549
0.720740
1.739884
3.309267
1.648619
1.929208
0.279097
0.342187
0.118299
5.038105
1.970630
0.402698
0.747435
1.587759
1.102804
0.374604
5.137543
3.574506
2.177305
3.413804
5.695197
2.468337
3.048880
1.750254
0.417158
2.026500
0.293393
2.340807
1.880015
1.045989
6.301679
0.290639
2.051709
5.302679
0.895487
1.530139
0.095698
1.816048
1.990842
0.331208
0.428619
0.772604
1.331391
6.652967
0.565136
3.525530
1.670591
0.185731
0.558993
0.772963
3.608701
1.163682
1.457240
0.157006
0.298418
5.719555
1.136133
0.216303
1.942544
0.294312
5.092650
1.130755
0.531895
1.608796
2.848980
0.296152
0.072211
2.161055
0.166469
2.321230
1.495161
2.880940
0.154762
2.459967
2.494721
2.190765
0.882350
2.970547
0.289369
1.264700
6.308820
0.689566
1.696937
0.799003
1.085611
0.198969
2.068979
1.514720
6.372779
3.511350
0.061168
2.469596
0.369826
2.546594
1.442748
1.702648
0.502725
3.765236
1.796322
7.180757
0.109383
1.239474
3.785794
2.076722
1.312478
1.362872
3.408764
1.395961
2.747117
3.469060
1.635856
2.960330
1.120147
1.024277
2.144757
4.214834
0.473123
3.472868
4.208317
0.907461
1.251077
1.225908
0.374972
2.630311
0.269506
2.384765
0.642309
1.458632
3.397053
1.193500
1.905805
1.288040
2.427450
1.247430
2.573375
0.388936
0.073034
1.647785
4.759800
4.791705
3.981892
0.979456
0.896538
0.397703
4.036256
2.955509
1.276221
2.424781
3.225785
0.682427
1.429357
0.393760
1.374974
0.236741
1.181123
2.755571
4.866800
2.808058
0.179646
1.111298
0.383235
3.224560
0.646183
0.992547
0.230157
0.455341
0.919024
1.195275
0.458946
0.601000
2.276726
1.545017
1.375702
3.694707
0.347553
1.791084
0.784765
11.839742
8.540677
2.011593
1.162045
1.328424
0.735673
1.113320
1.172000
0.930557
3.808614
1.470055
9.220621
0.591050
1.890197
0.118040
2.926823
0.517929
0.852590
0.357527
2.369938
0.348498
0.200385
0.653448
0.710614
1.048462
1.115558
0.607522
3.056744
1.532896
2.181660
1.957269
2.391413
0.298064
2.912895
2.583567
2.590019
0.943624
0.275101
0.662182
1.536314
0.693361
7.445293
0.062238
0.362642
1.517195
1.876268
4.380157
4.996108
1.501100
0.422428
1.207293
0.514531
3.036028
0.743979
0.434299
1.276914
0.697509
0.076392
0.374825
0.443725
3.040768
2.275012
1.907388
2.588682
2.584456
7.327612
0.563761
1.813326
4.487140
5.201477
2.015769
3.809024
1.010371
0.007154
1.301099
1.782137
4.264659
5.291465
0.243555
3.063227
6.654667
2.877850
0.299977
3.402733
1.320376
1.443250
1.195940
2.555993
2.250980
9.166154
1.708233
1.673830
3.996245
0.218889
1.927608
10.081243
2.827285
0.898641
2.307445
0.812243
5.619794
2.742542
0.202883
0.736555
2.241223
2.485606
0.662692
2.819272
1.703936
1.458252
2.110275
0.931529
0.629475
1.908656
0.772604
5.084101
2.114487
0.710701
0.025739
4.398787
2.996865
0.887576
0.000671
0.108609
0.075631
5.286310
1.055174
5.257349
2.408841
0.648968
2.770149
1.668059
0.967837
2.620105
10.606915
2.219813
1.757295
1.270683
0.165540
1.392040
3.724742
1.066586
0.285915
1.521631
2.085534
4.432094
0.753030
0.820597
2.060582
0.870808
1.695369
2.159976
0.689394
3.332712
0.435513
0.363374
1.471838
0.550535
1.314950
3.219364
1.354084
2.163574
0.916513
0.608680
0.132400
0.237154
0.950582
1.576451
0.117975
0.561011
2.594034
0.016425
4.627141
2.761390
4.838479
6.343452
2.915516
0.797820
2.128945
0.460636
3.008094
1.220620
1.524768
1.661325
0.967540
1.879233
0.269366
2.855332
1.410612
0.492939
0.093778
2.583567
1.539738
0.099608
2.301264
2.679105
3.106608
0.494345
0.025553
0.968332
1.342586
1.797371
0.709482
3.230383
4.982058
2.770637
0.115840
0.409728
2.927087
0.604217
0.208837
0.029947
0.856614
1.328187
0.048871
7.257429
2.303773
1.873619
7.427694
0.064695
0.328329
0.291203
0.065767
2.169705
2.469596
1.680748
0.127060
2.103275
0.809679
1.282353
0.966748
1.309422
2.738698
2.200095
0.186669
2.766738
0.073794
2.670503
0.889003
1.806838
0.601494
1.892554
1.931291
1.801874
1.911194
1.044651
4.380703
0.220933
0.694052
0.593431
0.319287
1.476302
1.757295
0.888527
0.189888
1.065546
0.864498
5.731311
0.176243
0.003727
1.167946
0.989441
2.368142
7.271270
0.354027
0.479784
1.885804
0.134749
0.925024
0.264484
0.792733
1.059524
0.764179
4.634560
1.047225
0.246936
3.301619
0.667715
2.333541
0.036215
3.031576
1.821504
0.612159
0.244796
4.650729
0.857832
1.775749
1.958406
0.639618
1.340915
1.612483
0.295020
3.547709
1.729568
4.039473
3.737358
1.561738
1.691953
1.802926
0.728193
0.000488
1.083196
0.418436
2.425191
1.337934
0.556169
4.159860
0.209040
0.265947
0.635672
2.459341
1.922653
0.404939
0.623214
0.359644
0.080899
0.371221
2.158718
1.896804
3.084800
2.832813
0.243899
1.343422
2.738938
0.395098
2.709625
1.573366
5.112216
0.342114
2.237109
9.130650
0.922700
7.425192
0.499980
4.404852
0.958254
3.071432
0.838524
2.106772
1.035411
2.628265
1.944964
5.832431
2.107472
0.017163
1.373639
4.805825
4.040853
1.089606
5.662829
6.917846
0.527997
1.600898
0.787750
0.279588
3.941630
0.302319
2.256442
0.180180
4.135582
2.763576
0.097428
6.761196
1.394858
0.755611
0.517454
0.197688
0.449295
2.352448
1.390816
1.757001
0.537477
2.887911
2.254557
0.262047
2.480958
0.526646
0.230910
2.998231
1.444004
2.138880
5.418421
0.397777
0.300545
4.104930
0.492314
5.470420
3.910770
0.810686
0.635840
1.690815
0.477768
1.495806
3.370212
4.828900
0.686553
0.008992
0.515716
0.412351
2.883519
0.349224
1.898695
2.711045
0.307295
0.791645
4.115891
2.258518
0.525534
0.702619
1.476558
0.609756
0.547885
3.810254
1.280731
1.350484
1.509391
1.041258
1.322740
1.733194
1.231550
0.851749
1.442999
3.176482
0.703226
0.370340
2.335699
1.122928
2.194785
0.001893
0.214740
0.624715
1.429357
1.890040
0.363447
1.055071
0.033854
1.358173
2.704900
2.892572
1.352163
0.245693
2.751944
0.174311
2.081901
5.740980
1.342586
3.961881
0.624131
0.738320
1.046710
6.402541
2.609051
2.680970
1.304963
0.650742
0.790104
3.465950
7.732660
0.855490
4.694285
0.518957
3.517364
0.351333
2.615360
5.446110
0.555202
0.194121
0.199104
0.724419
4.775689
0.607853
1.906597
0.147653
0.989441
0.379985
2.297987
3.693159
0.009667
7.303943
0.129793
0.456031
4.045462
0.416707
0.152060
0.068797
0.830188
0.580253
0.851843
0.222433
1.768347
2.472535
1.954996
1.737846
1.289551
1.036948
1.600627
1.336266
1.456355
1.439987
6.257969
2.941380
0.191231
2.885585
1.673971
0.026728
2.097518
2.307639
2.036782
1.108427
0.295515
0.512716
1.257248
0.406584
0.821793
1.826670
0.562143
2.606128
0.895009
2.228721
0.565703
0.210192
0.017040
2.997138
3.093667
5.031296
0.466485
0.594745
5.944892
0.204708
0.602072
1.905489
1.487828
4.099709
0.216575
1.748205
0.346609
0.605043
0.766147
9.190179
0.322225
1.551238
0.204843
2.665174
4.172602
3.323687
4.263630
2.716973
0.829818
0.671980
4.637659
0.472505
2.830298
0.893387
0.810778
0.061545
2.413120
0.156147
0.667544
2.383961
2.707025
0.123356
0.811693
1.626612
0.140175
1.619055
3.774884
2.781888
0.091988
1.844089
3.051685
2.276345
0.424464
16.189245
0.419415
0.833889
1.511469
0.238941
0.350897
0.991144
3.180968
0.295444
1.072420
0.599105
1.213890
4.792375
0.561173
0.374531
0.030071
3.766841
0.110479
1.082777
1.789142
0.300119
0.433617
2.543979
0.436576
2.678872
0.796911
0.039698
2.562576
0.695261
0.046121
1.655591
0.184459
1.782137
3.332712
1.811514
1.442497
1.783327
1.121430
1.515762
1.013915
2.312870
1.187413
5.242184
2.851772
0.540353
0.039885
0.247972
2.570946
0.011937
6.596012
3.628454
0.006174
1.683296
4.498103
2.422115
4.003009
0.730478
2.023812
3.900016
1.521631
0.124590
1.898380
2.206156
1.407401
0.129142
1.213778
2.981629
2.804085
0.471269
1.525684
0.931529
0.631566
0.711485
2.043384
0.091158
5.455425
0.723280
1.507444
0.010587
0.358403
0.674373
1.598997
0.181851
0.790920
0.104103
0.159450
0.773951
0.932015
0.240042
6.402541
1.208857
2.166457
0.203356
2.550960
0.553833
1.203390
0.300048
2.451840
4.096866
0.043999
1.050525
4.941210
0.832037
4.343945
0.765073
2.590019
0.344651
0.182051
1.542376
0.544035
0.428846
0.036463
1.003706
1.190288
0.040321
2.813034
2.813782
7.759073
1.893025
0.896920
8.078731
1.725948
2.505587
0.296222
0.135076
0.227693
2.771124
0.662692
1.428360
0.562628
1.813477
5.386595
0.191029
1.880796
0.167995
0.118623
0.099095
1.526208
1.530795
0.367184
3.617249
0.457488
0.587936
0.744067
0.011262
0.967837
0.464328
0.786121
0.776109
1.139691
3.542320
3.403067
2.445196
4.044078
0.617139
3.592450
0.206061
0.275801
4.178510
2.355419
3.599451
3.718464
0.957663
5.781232
1.994809
0.560688
1.221519
5.743135
2.912110
8.369203
0.347045
7.113322
1.666093
0.167464
8.282915
1.057659
2.875535
0.386639
5.575682
4.985746
3.909476
4.039933
1.188739
0.147193
0.088094
0.703053
1.201943
1.259538
3.166944
2.643313
1.485645
2.566096
2.692664
0.925703
0.934546
0.894341
4.101131
0.087392
1.608523
0.092500
2.533553
0.198295
2.660321
0.293888
1.640286
0.236810
1.000583
0.062741
0.650150
2.685406
0.502646
0.592199
5.705751
0.706178
0.345811
3.169919
2.576914
1.112468
0.819493
1.820290
0.509800
1.246747
3.381435
2.845433
3.455274
3.071999
1.168275
0.791736
0.262325
3.435111
2.209101
0.467487
0.247143
7.136991
2.318115
0.314496
0.261838
0.297072
2.507297
0.516427
0.281484
0.167663
3.082518
4.816651
1.930330
0.824465
4.123552
0.014518
1.185314
4.916811
2.413528
1.982766
5.220481
1.220957
0.190761
1.504593
2.084149
0.304876
0.383753
3.585473
0.362935
8.786641
0.787569
1.947387
0.308932
3.428322
0.331208
0.782778
0.054194
1.796921
1.010776
1.024685
4.134617
0.718291
0.156807
0.686037
1.031829
0.434299
2.543979
0.142075
4.213830
1.424499
0.095186
3.313422
4.723858
1.169260
4.808526
0.219911
2.762118
1.776639
4.161815
2.503665
0.573087
1.587490
0.608019
3.427306
5.994396
5.474187
10.534618
3.684282
1.437481
1.398662
0.230567
0.698547
0.045122
1.821959
0.590394
2.116772
0.649728
2.217962
0.098517
2.303193
2.119765
0.113642
1.795572
0.522837
2.033405
2.734142
0.101983
4.624058
1.984411
0.919121
1.680465
2.077067
0.188882
0.207482
1.146826
2.264001
2.139591
2.463939
3.138599
2.488357
0.685349
1.345454
2.682836
11.564174
0.134227
0.596060
0.471655
0.204438
2.368342
0.341245
1.106303
4.640763
0.945581
1.343064
0.649474
3.504650
0.140634
0.662692
1.418411
2.270638
2.857114
3.390725
11.707826
0.326748
4.159860
3.553833
0.050122
1.076285
0.868734
1.951755
3.678513
3.140066
1.543168
2.915516
0.994553
5.580646
1.221632
2.180026
1.557611
1.670028
1.704651
2.062635
2.021463
0.243417
1.941094
3.689295
2.834826
0.949895
1.871284
1.664128
1.386294
1.555750
1.745574
0.899311
1.951593
1.798421
0.599764
1.508742
1.097832
1.831239
0.196611
0.595896
0.346319
3.054776
4.657609
0.311213
1.000684
4.508543
1.953051
0.691808
1.685988
3.750054
0.729071
2.487722
2.318310
0.120307
5.272629
0.544997
1.053313
1.415065
0.299623
2.399703
1.232906
5.429451
1.401366
1.504593
1.970630
0.401579
0.911115
1.705510
0.558105
0.292899
4.749278
0.666777
1.310714
0.520777
1.389226
0.045184
0.678996
8.417887
6.297407
2.501106
0.817380
1.684996
2.755571
1.540793
3.207495
3.353494
3.311184
4.555023
0.792280
2.281495
0.025430
0.965165
0.084716
2.093689
4.658863
5.409276
4.751246
6.990941
3.103149
5.479850
0.773322
0.649728
3.094814
1.254960
0.602484
1.465859
4.973968
1.014421
3.625460
2.226676
3.433072
1.789739
1.819077
0.468104
0.516664
4.398237
1.075762
3.239305
2.711756
0.280641
0.782598
0.466870
0.096787
4.808526
0.246176
3.436812
0.267900
0.673775
0.171383
3.828384
1.768199
0.399044
2.444989
1.928088
2.394644
2.183842
2.215558
4.339664
0.457334
3.934634
0.043874
2.859152
1.569750
2.297987
3.571228
0.172514
1.555219
0.279799
0.442811
3.148298
0.387527
0.846057
5.365953
0.560769
1.513419
0.362569
2.972165
5.237992
1.335314
0.994653
1.341034
1.690673
0.691721
1.269876
2.206891
0.208972
1.695654
3.562149
1.837195
1.035309
4.336460
1.796322
0.086818
1.029990
1.114492
3.666262
0.539874
0.871374
6.023954
0.492627
0.053191
4.535476
1.499161
0.080073
1.025908
3.094527
0.496691
1.996465
0.784856
3.125159
0.634163
0.322297
0.401355
2.458715
4.672073
1.626199
2.394239
0.004155
0.740352
0.028089
2.180389
10.248416
6.050179
0.932015
0.765073
0.191029
2.684704
0.015071
2.580903
0.052502
0.425672
2.427450
11.885721
1.677357
0.400684
3.294000
2.422730
2.264758
0.830742
0.958156
0.703053
1.717431
2.633269
1.592084
5.499798
2.347705
4.363861
3.100558
1.395471
6.154686
3.037142
0.868074
0.414903
1.086241
3.955696
1.690105
1.328424
2.181842
2.514365
0.507596
5.340226
5.996843
1.251420
2.608601
1.121109
1.859031
1.357691
0.820689
1.479114
1.840256
1.758324
0.169057
1.145527
3.162192
0.187004
2.264948
0.559961
3.138306
0.397628
0.221819
0.015748
5.185913
3.487125
0.166999
0.494423
0.674801
1.573366
0.327754
1.025093
0.721615
1.657407
1.948842
0.462712
3.418519
1.165759
0.068228
3.894019
0.328185
3.066335
1.048049
0.628472
0.183322
0.250461
10.279425
2.469176
0.706526
1.526208
2.509436
0.765073
0.267760
0.415805
0.087966
0.892147
0.523154
0.573087
1.492456
1.489883
0.096018
1.013813
2.235429
0.301538
1.520978
1.220620
1.121109
1.952241
0.371221
0.604630
5.966475
0.074680
2.356013
0.853525
4.526067
0.142730
1.421391
1.687548
7.390495
0.712792
0.666351
0.508462
5.415673
0.183255
2.100830
3.057307
2.622821
5.111430
1.496064
3.534443
0.235230
1.788545
10.694703
0.675656
0.679168
10.939908
0.502254
1.549515
6.637732
7.058467
0.962299
1.513289
1.027336
5.643246
0.118169
1.170246
2.934221
2.894906
0.169855
0.085608
1.281426
1.890040
0.691376
0.682256
2.409248
0.452201
0.370119
0.739822
4.414816
0.651756
3.392055
0.742474
0.864028
1.937553
0.629141
1.581020
2.709389
1.311655
1.754212
5.116152
2.045929
2.832309
2.284744
0.795911
4.811908
2.862724
1.092028
0.713838
0.189553
5.069421
4.020702
0.216779
1.512639
0.617139
0.468566
3.472868
1.292927
0.061482
0.794276
1.721324
3.634455
0.519115
1.178481
1.040334
3.855471
1.535262
3.835433
7.852816
0.938836
0.791282
0.384344
2.327278
6.806549
0.473046
0.289016
0.444030
1.767313
4.795058
0.711920
0.248801
0.030381
3.413804
2.910801
3.123703
3.067184
0.217052
0.606117
4.491749
3.380111
2.145292
1.917711
4.033961
1.319668
3.161005
0.214944
3.198412
0.786031
7.709471
1.690673
3.940754
0.254061
1.319549
4.500997
4.310482
1.569884
0.647280
2.126470
0.343056
0.299906
0.028770
1.618369
0.124005
3.150656
1.229066
1.514720
1.888627
1.247999
0.403519
0.044498
1.526601
0.913330
4.427621
0.922022
5.246385
0.801644
0.480793
3.423922
0.297639
1.636824
0.740087
0.193516
5.269223
1.398539
0.252329
8.747520
1.511209
0.138539
1.933858
11.505634
2.322789
4.048694
5.182651
0.993148
0.616142
2.921030
1.650012
2.779191
1.555219
1.003303
3.057589
1.042697
2.738458
4.101131
0.582947
2.882487
7.468150
1.294209
5.801111
7.356389
0.095250
1.182997
1.863985
5.357934
0.998370
2.081037
1.938679
0.082997
1.899326
0.785308
1.956295
2.858133
2.686808
2.199179
2.466241
0.886054
3.619112
0.945973
1.664128
3.949090
0.045809
9.849874
1.025296
2.241036
1.390571
0.361618
8.718674
3.428661
2.403150
1.898064
2.185297
0.679682
0.235917
7.152200
2.200279
1.178261
5.413843
0.615643
1.811212
8.518961
0.185396
0.446012
0.993349
0.984243
2.652719
0.049747
2.103799
0.851375
3.747667
0.327251
1.963124
0.304450
7.037762
0.630730
2.788521
1.117264
2.695011
0.392572
0.114223
1.035001
0.580579
0.049559
0.623714
3.472521
4.412598
0.479940
0.017163
3.599451
2.383358
2.193505
4.057957
0.206670
4.256952
2.209469
2.718873
0.368578
1.655032
0.045184
0.591625
1.801723
0.823635
2.509650
1.928888
2.501745
2.898283
3.579251
2.941115
1.912623
0.929877
5.406541
0.297355
0.508068
0.596636
1.782583
4.060745
9.172133
4.783681
0.837318
4.010702
0.311855
0.707829
2.789998
1.319077
11.287235
4.306273
3.230997
0.494423
0.522758
1.745135
0.818758
0.570163
2.273109
0.771167
3.095101
0.301538
1.576182
0.595649
4.226417
1.877204
1.500453
0.640122
1.582501
2.011927
3.585106
3.318548
3.041606
3.217838
1.543432
2.169524
1.954186
0.425370
0.609922
3.466295
0.038578
2.416182
2.062122
6.399545
2.865024
0.161301
1.588570
1.931291
0.534684
1.682304
1.493615
2.965432
0.397405
1.393877
1.181894
2.909232
0.450671
2.041520
3.205372
0.692670
0.522758
2.168802
1.975541
1.264471
2.190035
1.898222
1.656568
1.904065
1.079214
2.156205
5.107503
3.490618
1.626061
0.009544
0.847176
5.555949
3.284201
0.701579
5.651468
7.007103
1.741487
0.953333
1.029173
2.068808
3.217229
2.668416
0.146207
0.166469
0.414678
1.207851
1.044034
0.558105
0.677625
0.118623
3.750452
0.614730
4.639521
0.162559
1.407648
0.438627
0.385380
2.165195
2.397273
0.791010
0.097620
0.196072
2.792216
1.931291
0.679425
1.688968
0.144632
1.016551
3.579982
0.121280
5.015497
3.814360
2.076033
1.807290
4.954249
1.211204
3.384085
3.919415
2.240849
4.820046
0.248801
0.945777
1.709093
2.384966
2.724585
0.407556
0.318070
3.340480
1.177381
0.731182
0.022341
3.407422
2.936605
4.340199
3.912927
2.955777
2.105897
0.757571
1.162482
0.297355
0.081916
0.461866
0.060601
0.655056
3.340156
1.580213
0.783862
1.908973
2.166817
4.327409
0.618385
0.093011
0.473278
4.483117
2.683537
2.632813
0.080581
0.300686
1.909449
3.526597
4.026178
1.101322
0.264135
0.599928
1.800221
1.466113
0.003115
0.284648
1.140015
2.185661
1.032443
4.428738
3.754038
2.034418
0.070756
3.047759
1.326646
3.016902
1.310009
2.822774
4.452347
3.011392
0.427712
0.926382
0.335318
1.838572
0.233378
3.289885
0.521649
0.924734
0.955792
1.762740
0.382053
1.644310
0.309716
0.163751
8.218698
0.864028
3.969417
1.046710
0.631483
1.272642
0.325311
3.509585
1.352644
0.992747
1.713976
0.404491
5.842603
0.445097
1.068668
1.556016
0.626384
0.007521
3.288304
1.716999
1.974067
0.473974
0.725208
3.506764
0.858770
1.474260
0.590722
0.991444
0.434223
8.256223
0.042938
0.381166
12.853832
6.177330
1.257935
0.631734
4.346625
0.725998
2.534420
1.765541
3.276334
2.542455
2.034418
0.640122
1.689394
1.139259
11.794796
0.210870
0.318500
0.565622
3.278219
0.773771
1.031011
0.333298
3.021874
0.361033
0.054132
1.223206
1.023463
1.467765
3.819299
2.270258
1.604707
4.814617
0.684919
0.265250
0.405014
0.911789
0.212770
1.215907
8.951259
0.648377
0.483823
0.202883
1.610707
3.374825
3.496569
3.514178
5.876890
0.070566
1.292578
1.051557
0.523710
0.528632
0.854554
1.724791
3.642359
2.184751
1.326527
0.604878
0.759533
0.491612
0.347335
0.857176
0.934741
0.261351
0.220115
4.119718
2.578908
0.728720
3.529091
5.394731
2.311513
1.290715
2.682136
0.482424
9.980072
1.534341
0.643740
1.167837
3.469752
1.067418
3.199621
1.900431
1.250735
4.749934
1.099100
0.867698
1.972266
2.022973
1.551503
0.531656
3.762030
2.396868
0.514847
1.076912
6.904313
0.243693
0.658871
1.126569
0.318070
2.213157
0.160640
1.243562
0.943819
0.517217
9.101538
8.260014
7.463048
0.287606
1.707659
0.125500
0.062867
2.980274
0.574795
0.446699
0.543154
4.818008
2.294332
0.129337
0.291627
3.938129
1.837654
4.509125
0.407856
0.310143
0.595074
0.047121
2.172416
2.150652
0.582620
0.571462
3.805338
0.015256
5.897748
1.357330
1.283165
0.099223
0.383827
1.531058
3.972084
0.647448
1.279805
0.405985
3.395386
0.265877
1.648480
2.609276
1.940450
2.988960
0.642898
0.030443
0.441441
1.762150
2.233377
8.401527
3.928097
2.440848
1.584657
0.059972
1.965079
10.911131
0.097236
10.534618
1.734356
3.646890
2.016104
0.412951
0.529984
5.057907
0.198632
0.485923
0.886815
1.827431
3.364295
0.061986
0.637770
5.574691
0.117263
7.554269
0.061545
0.012490
1.167180
0.532213
1.352764
1.508223
0.867415
1.235961
2.771856
1.394490
1.334719
0.028028
4.097813
3.605737
0.672920
1.628540
1.095614
2.094733
1.118545
1.117371
2.799626
0.700019
0.309716
1.800071
1.429981
2.444575
1.534210
1.550443
0.814901
0.349951
2.123114
5.699412
0.510352
0.152258
1.466621
1.236754
1.541980
4.214834
3.544115
1.384098
0.157204
1.954348
1.645004
0.640626
0.591789
0.879032
0.402026
0.084334
3.300665
4.512036
2.476532
3.423922
7.663885
0.197958
0.740529
1.210197
2.496847
0.370266
2.207996
0.915837
3.035749
0.455417
3.994895
3.657882
0.739380
1.079423
5.534464
0.347118
2.412712
0.677368
4.448393
1.369156
1.024685
0.271812
0.850068
3.501133
1.314126
0.457181
1.574706
2.962208
1.441743
0.002810
6.274776
2.291067
2.372135
2.451424
0.383013
3.238688
2.414344
1.515892
0.822714
4.418149
0.533886
5.967681
3.148592
0.217868
2.609501
1.182886
0.490988
1.420769
0.421750
4.239083
4.954976
0.131813
2.009592
0.078549
1.448658
1.041053
0.193516
1.375338
2.996046
0.698114
2.143866
0.895582
2.678173
0.113577
1.521762
9.232928
4.895527
3.943821
1.616725
0.722141
2.858387
0.452048
0.352643
2.757751
0.298630
0.977565
0.643656
1.549383
7.652649
1.048462
0.119724
0.572193
4.160348
0.074174
0.053129
0.870148
3.583641
1.256104
1.294092
3.419194
4.116369
0.923765
2.425396
0.818666
2.530523
2.393431
6.830546
0.635085
0.703053
0.150809
2.387784
6.610931
0.576667
0.248801
4.130280
1.085716
0.432631
1.648619
0.172847
0.084971
5.301814
1.290947
0.448684
1.214898
0.816186
1.251420
0.380649
0.068165
0.347190
0.398373
4.024807
0.505316
1.097092
7.776877
1.213778
0.594498
2.122409
0.182185
0.759355
0.855584
2.316560
0.206940
4.525480
6.444967
0.479629
0.363374
1.480393
0.574225
3.752842
2.534203
1.987871
0.626634
4.171128
0.098389
0.888337
0.059532
1.217364
1.936267
0.029080
0.026357
1.182115
1.159210
0.824741
0.528076
1.880796
0.781605
0.133966
1.103758
1.013611
1.086031
2.701362
1.317072
0.079628
3.402064
0.608763
2.477585
0.321365
1.835360
0.230362
11.448758
1.715559
0.364472
2.682369
1.407278
2.513721
0.398448
0.244106
6.999006
9.503522
9.340720
3.573413
0.427939
2.699479
3.852536
3.330774
3.620604
0.474748
3.435111
0.052815
0.222433
4.485415
1.875177
0.569513
1.049493
4.731645
0.796820
0.578704
1.828496
2.097692
0.987640
1.278070
4.338062
1.216243
1.139259
1.708089
0.005990
1.161172
2.086573
4.550267
2.726016
0.681397
0.668652
0.586708
1.166852
0.404266
2.794683
0.099608
1.370488
1.824693
0.228651
0.388120
1.542508
0.400460
0.681741
2.315977
0.794004
1.129681
5.942508
2.163754
7.944677
1.035513
0.501626
0.709134
1.886431
0.333947
0.624381
2.082420
8.241128
0.293181
5.698357
7.530412
0.681226
0.682771
1.115025
0.575690
1.831849
0.014825
0.403744
2.147434
0.300332
2.659398
0.086308
2.389194
5.230469
0.998571
3.349255
2.759206
4.841225
0.871846
0.481104
2.010592
0.394950
0.428619
1.401981
0.248386
0.813801
5.370422
2.009758
3.318227
2.030539
8.113697
0.644582
1.265160
0.016855
1.500324
1.666936
0.288593
1.283049
1.560406
4.834368
0.190425
0.357673
0.398746
2.395250
0.241143
1.187191
2.812287
0.577400
7.147843
0.707916
0.006480
4.214834
2.136925
1.327357
4.426504
0.897780
0.712792
2.331386
2.070869
2.516082
0.600835
0.264135
0.582457
1.726961
0.806206
3.002334
0.285211
0.129012
1.664269
3.654465
0.465252
1.096036
2.048477
1.142067
0.180848
0.921828
0.697595
0.557701
1.769382
0.998571
2.673986
0.203491
0.732942
4.954249
1.633092
0.346755
1.254503
2.040842
0.132531
2.965701
2.710809
4.976171
1.540661
1.685846
0.751252
1.385196
0.918541
5.542250
3.511350
1.390938
1.568011
1.165431
1.469292
5.050267
1.184872
0.679253
0.442278
1.680041
1.204839
1.110021
0.723630
2.757024
0.626718
0.968827
3.059279
1.462559
1.436604
1.127320
7.928535
4.622826
1.269876
0.342766
0.618968
3.919415
1.497999
0.148639
1.961008
1.047225
0.508541
0.714711
5.228801
2.297987
1.073777
10.419644
0.186803
0.793641
1.351803
1.493100
3.877831
0.053317
0.311213
0.158657
1.061183
1.566274
2.015268
2.444160
1.579003
0.204843
0.075124
1.378740
1.792280
1.115771
1.095086
4.234514
3.841256
0.965560
1.224444
2.375535
2.711993
0.984343
0.990342
0.316497
0.835649
1.979807
4.082245
0.397554
1.919145
0.673860
1.830782
1.094242
9.944515
2.363362
0.627720
0.559073
1.438859
2.575144
2.748564
0.156873
0.717068
0.661503
9.791899
1.500066
1.589245
0.497865
2.197347
1.181123
2.650880
1.586815
4.628993
1.284556
0.752585
0.571137
0.446470
0.506888
1.711821
1.716999
5.641196
2.099435
4.611773
0.338063
1.165977
2.510935
0.292969
2.677707
0.149954
5.878043
0.720040
6.245456
0.895200
7.570333
0.861397
5.048743
1.755092
2.128238
0.430511
13.416657
3.186666
3.566502
2.638056
1.996630
2.965432
1.057866
0.168327
1.430230
3.550949
2.776988
2.581569
8.298330
0.006235
0.047496
3.539811
0.030009
1.514720
1.918030
1.043828
1.586275
0.302461
0.379764
1.681738
1.946902
0.157732
0.901417
1.764951
0.165341
0.894055
8.309969
6.729167
0.448761
0.567729
1.313537
0.618801
0.281203
0.809130
1.296659
4.229955
1.086031
0.722842
1.064091
1.316246
1.505889
3.015247
4.403748
0.985441
2.167719
0.509249
3.268498
1.462432
2.608151
1.038691
4.195346
0.432556
3.487823
0.816186
2.115014
1.378984
0.093778
0.480793
1.776936
1.003303
8.275252
0.704441
0.735056
0.850255
2.873223
0.406060
1.899011
2.037628
5.451694
1.320612
0.908614
0.282538
0.223730
0.804106
3.271315
2.136747
1.895386
2.573375
1.112894
3.035471
0.223798
0.305303
8.349263
0.339581
0.974979
1.108321
2.665868
0.366744
0.782959
0.955792
1.426241
0.223184
0.506181
0.142599
2.353438
1.727540
1.229178
0.637602
2.601192
0.964868
2.677242
0.165076
0.527599
1.607159
3.528022
0.141944
0.704528
3.253227
0.215148
0.151138
0.206940
0.199913
2.568078
6.931472
0.983145
1.483466
3.716115
1.298410
7.136991
0.629057
2.027509
1.156161
2.840628
3.399390
1.443878
1.507704
1.324396
0.352061
0.939519
4.437699
2.397880
0.516427
0.517612
2.063320
0.222706
0.487324
0.061419
2.714600
3.924185
0.200453
0.176310
0.349152
4.691096
6.314550
3.699747
3.784579
6.007889
1.236074
1.226021
1.253818
0.411901
0.154762
5.249752
0.755433
0.751874
0.836391
0.370340
1.343303
0.008808
4.378522
4.261059
2.236176
0.930557
0.969620
1.481032
1.700362
1.583444
0.420845
0.608101
1.191838
6.264955
4.440508
0.528394
2.532904
1.014928
1.222756
5.836946
0.187473
1.393265
0.511297
0.461097
0.466870
2.247222
1.175293
0.880169
0.640122
0.262186
1.759501
0.497317
1.842095
0.081344
0.312497
1.682588
1.816351
1.657826
0.341680
1.231550
0.225027
1.766427
0.284859
0.698114
1.969977
0.040757
2.068292
5.520911
0.779171
1.841635
0.652432
2.639426
0.829726
3.687751
0.369752
3.055057
0.913620
0.452660
3.620231
0.719778
5.264126
0.218889
1.583848
1.083301
0.910057
3.758430
4.852935
0.567486
8.298330
0.116875
5.776841
1.799771
0.796729
2.567417
0.710092
0.248179
0.120567
1.202499
4.628376
0.736820
0.999678
0.013350
2.390404
0.259960
1.799921
2.686107
2.661014
1.853473
1.184431
0.004399
0.716107
0.906981
0.527758
0.304592
0.774401
0.529825
0.259404
0.329768
2.878622
5.759374
1.391550
1.855478
0.543635
0.441593
0.364619
5.149526
1.533684
5.501708
4.103030
1.942544
0.718641
0.385528
0.430511
1.698506
1.760384
0.577155
0.418135
5.326173
1.251077
3.250125
3.200528
2.990321
1.317425
0.893196
1.323686
0.188345
0.198362
3.820123
0.114159
0.320648
4.022070
4.732295
0.342911
5.270925
1.954834
0.620881
0.994854
1.963287
0.667885
0.395396
1.535262
4.039933
1.738137
0.179446
3.553112
2.597386
1.044239
1.290133
3.287041
0.259127
9.101538
0.528235
1.901852
2.367943
1.929689
0.785850
0.791645
2.961135
0.320720
0.403744
0.436500
1.380200
8.138542
1.830172
0.731182
2.533120
3.036863
1.432353
1.931291
2.637144
1.729713
1.353604
4.019791
1.374610
1.667076
0.730566
0.590394
0.918831
0.497082
0.927061
1.279921
8.728243
0.071831
1.240609
5.320928
1.008551
1.562404
1.440865
2.743264
7.915715
3.889746
3.808205
1.076703
0.814901
1.263552
2.463520
2.067091
2.005761
1.318959
0.898928
0.734968
1.930490
0.100891
2.673289
0.039947
3.090516
0.391903
3.440559
0.609922
3.961438
2.262487
2.626676
1.621799
0.374752
1.098254
3.057307
1.978986
9.276612
2.264001
1.018785
0.150151
1.290831
2.338841
0.449295
1.133657
0.594088
0.633409
0.290992
0.477923
0.715932
1.814838
6.881325
2.847206
0.273281
4.981321
13.272015
1.381905
7.951171
1.136349
0.814810
1.350244
0.087456
0.049622
1.679758
2.920767
0.669079
0.134553
0.455264
1.132689
0.110221
0.091349
2.242721
7.672354
8.501757
0.465868
0.703313
3.274450
0.814626
5.466661
0.005684
1.006834
0.764894
0.171849
0.439159
0.256557
1.686130
13.801400
1.723201
0.322225
0.696644
1.163573
0.628054
1.096353
0.481958
0.213042
0.241212
0.363228
4.783014
7.043951
1.198161
4.832316
1.997293
0.592117
0.573656
1.315422
0.470033
0.140830
5.023005
5.587617
0.222433
1.809703
2.106072
5.089537
0.573006
10.606915
2.022302
0.960029
2.580681
2.438781
10.228008
0.345811
4.767729
1.034387
2.913681
0.962497
0.321078
0.832130
3.398388
0.325814
1.797521
0.548848
7.050159
1.288854
0.545478
1.464843
0.587117
5.766997
3.357415
0.040072
1.683437
0.167663
1.714264
8.134974
2.041181
3.968529
1.981779
1.318133
1.786009
0.941375
3.691613
0.076709
8.713906
0.127385
7.255131
1.925528
2.324740
1.555750
0.180381
2.935280
0.854087
1.249253
3.874864
0.142468
5.262429
0.959240
3.904740
2.011259
0.076772
0.144107
1.135164
4.746655
1.256790
0.776919
0.499588
1.094558
2.743504
2.011927
6.405542
3.095101
0.176510
3.032410
2.037628
1.810306
1.446518
2.650880
1.887372
1.287110
1.878609
4.844662
2.676078
0.019011
1.794524
0.437031
0.408005
2.737258
0.462712
2.602986
5.679470
10.720510
0.363813
4.748622
2.234683
2.194419
1.595199
1.825301
8.476225
3.530517
6.892786
11.253046
2.492598
0.560527
3.942944
0.250115
0.718379
1.685137
2.800121
1.011990
4.785016
1.221969
3.545192
0.865156
0.659804
0.642309
2.143509
3.001513
0.070377
2.116596
1.050112
1.228276
1.054761
1.786605
1.110978
3.775690
0.223116
0.797911
1.289435
2.338644
0.662692
2.521243
1.470437
0.106934
0.795275
0.667118
0.959635
2.786308
1.328898
2.726732
0.206873
1.905014
5.159970
0.310571
0.913620
1.647506
0.903622
0.935423
4.054710
8.024027
3.551309
0.622047
3.860091
0.895391
2.113258
0.004155
3.451842
1.992163
0.637854
0.040258
1.930009
0.489974
9.680759
0.420619
3.640851
0.570974
0.485067
1.117691
3.496920
4.445010
0.753208
1.380687
0.356724
0.695347
2.302228
0.461789
6.154686
0.179980
0.213381
2.463729
2.924188
5.312217
6.761196
0.345448
1.761267
0.133248
1.498386
1.038589
1.721035
0.809679
2.315394
6.317422
0.157204
2.092472
1.254960
5.886133
1.704508
0.943233
2.787291
0.698461
0.198497
1.782881
0.954218
3.269123
3.041326
2.323959
0.401803
1.053933
0.093459
0.754276
0.163950
0.641888
0.255170
0.173978
3.246099
9.380195
0.889098
0.089944
0.897016
1.682729
0.286690
0.952743
3.463879
1.210421
2.146720
0.696471
1.480521
0.662948
1.827278
1.685704
0.668141
1.804430
3.265372
2.715074
2.721727
0.521411
0.008073
0.988841
0.964769
1.899957
3.369553
1.299111
0.860177
2.169524
4.689822
0.572518
2.227048
1.473495
2.113258
1.922175
6.011585
3.884205
0.330488
1.536314
0.284930
4.941932
4.578373
0.734351
1.198495
0.168194
0.009606
0.734087
0.271672
0.281273
0.693361
0.188680
5.504577
5.379391
0.213925
0.836298
0.492236
2.938991
0.329480
2.114663
1.145094
0.111253
0.775210
1.719448
4.115414
1.840562
2.169344
5.875738
1.637101
0.509800
1.439235
4.941932
0.064569
3.685437
0.098133
2.318504
0.011999
3.463879
0.211616
1.059109
1.664128
3.255090
1.909132
0.485689
6.255182
2.195699
1.653915
3.486427
1.780947
5.217992
2.204133
2.842396
0.797275
0.517138
3.120796
1.644865
2.235242
0.388639
0.720565
0.077660
5.047220
0.508777
0.754187
7.143495
4.718683
3.496920
0.156477
0.636343
1.068668
1.750986
1.068564
0.096211
3.796764
1.849929
1.574438
1.583444
0.632152
3.027135
0.200453
1.257362
0.913620
0.504373
2.350075
1.637239
1.338291
1.615356
5.894256
0.078105
0.744333
0.671553
0.465098
2.694307
0.536040
16.399966
4.122114
1.402104
0.229061
1.622486
2.211497
2.783605
0.920184
0.059343
2.356013
2.576914
0.457334
1.916597
1.713976
0.877896
3.395719
0.480716
1.968016
0.541473
0.982846
4.481969
0.628305
2.163574
3.685823
11.956734
2.100830
0.424163
9.531992
0.123746
2.613104
2.740619
0.385824
0.680368
2.579129
2.122232
6.591063
3.341778
0.538835
2.110275
0.067723
1.096986
4.616064
0.702966
3.405076
0.044623
5.018497
2.817773
13.862944
1.396943
0.714362
1.198161
1.238227
0.619883
0.371295
1.449792
3.095674
0.247281
7.223240
1.571356
4.408721
2.598281
5.587617
1.797071
4.244682
1.097620
1.959219
4.771042
2.866047
1.267229
4.655105
0.851656
0.079755
1.921696
0.506181
6.448032
3.782960
0.196207
1.404812
2.452672
2.349087
2.987872
1.315068
2.898023
0.901321
2.880425
4.171619
1.080785
0.423559
0.129533
0.470342
6.791924
0.321938
1.868019
1.966710
2.164654
6.323177
0.792642
1.578600
0.201533
2.888687
1.372184
1.436354
0.108223
1.333173
0.132204
0.132922
0.593020
1.111191
0.440299
8.103143
0.021909
0.537157
2.810295
2.800864
0.402698
3.625086
4.581990
1.795572
1.406415
0.978660
1.747181
4.117326
2.221109
4.249274
0.240248
0.711224
0.385750
1.325343
1.477069
2.283023
0.992547
0.446928
6.227519
1.983588
3.542320
5.790042
3.264123
0.091094
0.145288
2.074482
3.171111
2.549649
0.755522
1.173097
2.823274
4.972501
0.097812
1.818320
0.664819
0.554800
2.857623
0.394801
0.031001
2.359386
0.479009
0.363154
2.798884
0.411526
0.455341
0.013227
0.256557
1.159428
0.746016
0.623714
0.005256
1.529746
1.746596
1.200941
1.290482
0.009606
1.982272
1.698220
1.161718
3.270376
0.228103
1.811363
2.343760
9.642517
0.103525
0.789832
1.924250
1.255761
0.019196
3.660164
0.697941
1.936588
1.361305
0.112673
0.275311
0.528473
2.144044
1.545281
3.526953
1.207517
2.527281
0.287324
4.368194
0.521966
0.119789
1.440489
0.733911
0.008931
1.406415
0.549169
3.047479
0.085098
2.575587
1.160627
0.124200
0.491846
0.505866
2.249664
2.413120
1.960520
5.106718
0.231458
5.883818
3.474254
2.827034
1.665110
5.444252
0.216711
0.693965
1.653497
5.883818
1.683296
3.365280
5.419338
6.134916
1.137642
3.774884
0.223525
0.263648
0.776019
1.905330
2.111152
1.649315
6.177330
0.834537
0.433541
6.629318
0.108351
5.749615
0.613237
1.095614
3.184865
0.023514
0.441060
0.197958
2.350471
1.781542
2.303580
6.390583
0.399342
2.472535
0.064001
0.926285
3.852955
0.325383
2.948299
2.032056
1.759942
0.985142
2.233936
0.837875
1.206847
0.487246
3.021874
1.908181
3.086799
7.834326
1.578734
0.192306
0.379100
5.350832
2.286658
2.896984
3.021874
2.017108
3.064640
1.196162
3.523752
5.151129
0.915162
0.178845
1.685279
0.861021
0.910634
1.768643
1.808647
1.923611
2.543108
1.277261
3.675443
6.359529
0.272021
7.368503
0.242934
4.908270
1.651963
4.098761
1.382514
1.410241
2.089521
2.612879
1.281195
0.576422
1.323923
3.305758
0.187004
10.177880
0.029514
0.780974
0.123681
0.070440
1.550575
0.685177
0.186468
1.389960
1.212770
2.266084
0.702272
1.207293
3.439536
0.167331
0.159053
2.277298
3.802476
1.970303
0.548607
2.127707
4.807175
0.873546
2.965701
1.974722
0.268807
2.812536
0.140568
0.740175
0.443649
2.572712
6.519859
0.283241
1.410241
1.913258
1.124533
1.556016
0.197284
2.058360
0.655818
0.694743
2.136747
0.768566
2.282259
0.538595
0.178578
0.400013
4.351995
1.465732
2.364556
1.371942
8.113697
2.614006
2.402744
0.396586
0.014702
4.547893
0.147258
2.050177
0.684747
3.927227
0.772783
2.993317
0.862242
5.573700
0.838803
3.469406
0.448837
1.037563
4.465964
0.734087
1.020411
2.419658
3.198412
3.024641
2.346126
4.417037
1.356128
1.770121
1.755386
0.679168
7.353975
0.946365
2.507724
2.957918
3.005623
1.641257
0.771167
2.483281
0.092436
1.211316
2.347113
11.467537
0.749121
0.785488
5.252281
0.313282
0.162360
0.073477
3.848769
5.413843
2.911586
1.558409
1.111936
1.570419
0.384344
5.118518
1.335671
2.295486
9.184145
0.457258
0.450518
2.038642
1.316718
2.127353
0.053003
2.865792
6.419101
3.201132
1.586005
0.740617
0.163221
3.848351
0.082743
0.348498
1.868330
3.459400
0.178244
0.794367
2.651339
5.522842
0.186468
2.994681
1.449288
2.381550
0.115646
1.315422
1.603890
0.458639
1.195496
0.509013
1.364562
0.065451
1.344856
0.147193
1.280153
0.742651
2.594704
0.038702
0.059909
0.694052
0.563437
2.991955
2.213342
0.197486
0.796002
0.283312
1.860888
3.389395
5.412015
4.739462
3.246408
3.246718
3.482593
5.255658
4.755190
0.488415
2.431563
0.043125
0.351551
2.260407
0.390270
1.274142
4.449522
0.359060
4.984270
5.177769
2.226119
4.976906
3.721208
0.474671
2.692899
1.538947
2.330016
0.077660
3.080239
0.044061
2.870657
0.081535
2.265895
5.846006
0.714187
0.312069
0.556250
1.405798
0.442659
2.584456
2.272919
2.054606
1.394490
1.432728
2.446233
8.178219
1.332104
2.549868
0.073857
3.101997
2.236362
0.976371
0.636259
2.059898
1.966874
0.852871
3.343401
0.243348
4.051931
4.034878
3.983233
0.163420
2.920767
0.873829
0.354828
5.852828
2.649732
0.322584
1.319549
1.417047
1.672844
3.799618
1.538947
1.855941
0.724858
0.314353
0.879222
0.897589
1.065026
1.910400
2.776988
0.407107
2.181842
1.323568
5.583631
0.574388
1.540265
3.029910
5.509367
2.448723
1.375581
4.203818
3.300983
0.710353
9.489437
4.385619
0.914487
2.070182
1.390938
4.093555
1.091501
4.072401
1.403335
0.795366
0.336546
3.553472
2.282259
6.446499
2.777967
2.064862
0.475754
0.304805
3.503946
2.601416
1.450926
0.191231
3.235608
0.193448
0.607440
0.464636
2.954172
0.176377
0.012244
1.506148
9.909580
0.747612
0.702879
3.230077
1.675099
6.594361
1.765541
0.221479
1.094769
0.555444
3.266934
1.498774
0.389084
0.303100
5.085653
3.618739
13.226036
0.590312
0.880454
1.981286
0.050185
4.360078
1.702076
5.158360
1.238794
0.254824
2.432592
2.213157
5.826802
0.248041
1.568813
0.263578
0.604382
0.830188
2.902187
1.802324
0.016486
4.965180
2.366348
1.344020
0.772783
4.119718
1.310597
0.350533
0.482890
1.188076
0.071388
1.378375
2.258140
0.486857
1.545546
2.778702
0.154762
0.508068
4.579578
1.567209
8.841714
4.153032
8.286758
1.600355
0.112802
2.882487
7.616562
3.292099
5.124048
0.442735
2.413732
0.237978
4.677761
1.905172
0.564003
1.412590
1.092871
1.828344
2.882229
0.670273
3.779322
2.855841
2.763819
1.441492
3.546989
0.297709
2.211865
1.488984
2.239165
1.007541
0.642898
0.869299
5.008764
1.361305
1.173646
1.734211
2.183114
0.164678
4.513784
1.688684
2.846952
0.708873
1.946740
1.575646
1.144120
0.600176
0.968431
1.316836
1.367341
3.872323
0.216439
0.711833
1.985399
0.394058
1.422509
0.698807
7.292212
0.520540
4.210320
0.749298
1.342467
0.327394
0.452278
1.831544
0.600011
2.455795
2.055970
3.528022
0.736379
0.476296
1.840562
0.565217
0.037209
2.059214
0.625716
1.109596
2.817773
0.320577
6.887047
1.765984
3.066618
2.213526
0.365718
5.943700
0.154828
4.583197
1.307895
0.205181
0.190291
0.682342
1.442748
3.407422
0.339075
0.811693
4.617292
0.945190
1.331391
3.649538
0.884249
2.495997
1.341511
1.034592
0.257529
1.437731
1.083511
3.536231
1.822566
1.992990
8.178219
2.224633
1.722334
3.571228
12.005517
2.163214
3.720816
0.772514
2.224076
0.469415
1.577525
0.042003
2.003101
2.492386
0.309716
0.188949
0.653955
4.252853
0.735850
1.926168
1.566274
3.283571
1.763329
9.704061
2.264758
9.340720
0.435968
4.432654
0.313211
0.100506
3.090230
0.958353
0.464559
0.749920
1.423504
0.160375
0.753119
0.092052
0.550616
3.737358
4.160348
1.355647
0.736379
0.015748
1.469546
1.335552
1.609205
1.473240
1.127105
3.468714
0.168924
0.219366
3.701300
0.258988
1.568680
2.936870
0.757571
1.027030
0.680539
2.741100
3.841256
0.181583
0.523075
0.547885
1.327238
2.102052
3.029077
0.043811
0.956481
1.988036
2.284170
0.712618
0.235368
0.508383
0.184928
3.735777
0.309075
0.434148
2.743264
3.760829
0.333082
0.675400
1.812118
1.218150
0.621797
4.400440
2.185297
1.356729
3.325617
0.348788
1.729858
0.675400
2.203215
0.775300
1.562671
0.245555
3.697807
0.880169
0.267272
0.473355
0.749564
3.405076
2.466241
3.234070
2.958454
7.447819
5.215506
0.359571
0.890527
0.023823
5.897748
0.321580
6.303105
1.340915
5.872284
0.305587
0.364033
3.307352
1.843936
6.048923
1.556016
4.288481
6.793746
1.665251
0.396884
2.582457
1.622761
0.602649
0.642898
0.433465
12.445641
0.066713
2.379944
1.855015
0.180848
3.360034
0.498648
1.056106
1.737409
1.156596
1.369156
2.452464
1.826213
3.768848
0.775570
2.706316
5.889611
1.272758
0.891098
0.378657
0.518008
0.659465
3.828798
0.658955
0.143320
1.299579
1.202054
3.992198
0.777910
0.626634
2.737498
0.052941
1.694942
2.545722
1.750547
1.732904
3.175287
0.307437
3.095387
0.671553
1.502522
8.766985
0.855116
2.056994
0.894532
2.499614
2.368940
1.202054
0.276782
1.820139
0.288663
4.037634
2.004763
6.398048
0.126410
0.344216
0.505866
2.894647
0.026171
4.574763
0.237497
0.169257
0.413852
3.245480
2.670503
0.855958
1.375095
5.218822
0.073160
5.569742
2.952836
1.203279
6.734470
7.115463
0.397777
2.993863
0.239629
3.871477
1.354325
0.252883
2.719111
1.466367
0.569108
0.933475
0.269436
3.304483
1.198161
1.066170
1.326883
0.019504
3.968529
1.743237
1.068564
7.791836
1.386905
1.692948
0.220388
3.629577
1.119186
1.096775
0.512795
2.373735
1.166087
3.874440
3.291783
1.010675
2.591134
2.147613
6.157336
2.616263
0.211820
0.819585
2.844420
0.163950
5.169659
2.886101
0.536758
10.310921
0.639114
0.077343
1.975869
2.043553
1.261487
0.605704
5.493126
1.789291
1.619603
1.276452
0.005317
5.999292
3.629203
1.150728
0.007583
0.574876
0.071515
1.533553
2.321230
0.238666
0.415279
1.135164
0.448608
0.287606
4.142350
3.133037
3.993996
6.441906
3.922883
2.457880
2.460803
0.053129
2.782624
0.251152
0.312283
5.236318
2.897503
4.212827
1.854244
4.348771
0.422202
2.685639
1.305784
0.698028
2.106947
5.536408
0.509800
3.070865
2.831555
1.953213
6.266355
3.342751
0.535003
3.648403
0.987640
0.473665
0.290850
0.615560
1.256676
2.360379
0.483434
1.252105
1.422633
2.834826
0.153773
3.578155
0.568378
8.506044
0.347626
6.871823
1.662726
0.394727
0.479784
2.410063
0.716544
0.775120
0.624715
1.306253
6.688973
3.479462
3.054494
0.849415
2.325716
0.065262
0.014641
0.463096
0.642982
1.183107
0.388194
1.999282
2.351064
2.097344
1.947387
4.463688
3.465259
0.974085
1.024176
1.216691
4.026635
2.982442
1.488341
2.147792
0.398299
0.273001
1.021936
3.007270
6.103686
0.785760
1.615219
0.488493
1.454081
0.543955
0.589247
0.047308
2.213711
0.332938
0.240799
1.242766
3.543397
2.221851
0.595896
3.946015
0.966451
0.096467
0.402997
1.154204
0.109963
1.198161
3.920281
0.872412
2.105547
0.203897
0.455187
2.231513
0.071578
2.644229
1.368672
1.332341
2.033068
1.173426
3.707914
4.496368
0.999376
0.544436
0.674544
0.143517
1.058695
1.022343
1.988531
0.269925
0.567243
0.117587
1.874709
0.028399
0.222570
5.821189
1.248569
0.314496
3.448758
3.635207
1.577928
8.671502
6.945191
1.823022
0.013903
0.789017
5.313087
0.837504
0.480095
1.143363
0.656920
2.159796
5.616756
3.825902
0.788293
0.960720
6.293144
9.482432
0.300403
3.673910
0.216711
0.742297
5.523808
0.262395
1.111723
0.568378
0.300970
0.572924
1.409129
2.100656
6.912035
2.978649
1.490784
4.824128
4.749934
2.925242
0.484134
1.506537
4.322104
2.059385
0.538195
0.794549
1.466240
3.222113
0.244865
0.048246
0.613237
1.677074
0.762123
0.990943
3.227623
0.977863
1.578734
2.553365
1.506537
2.613781
4.218352
3.327549
1.335314
2.444575
3.354801
0.403594
1.610570
3.584740
3.573413
2.957383
0.630646
5.679470
1.718728
3.079670
0.299623
2.209285
0.482346
6.448032
2.525122
1.524768
0.235162
5.495983
0.946169
0.083316
0.969620
6.574656
0.123681
3.158931
1.169370
2.156026
4.117804
0.169257
0.212024
0.096723
4.033502
4.732946
0.898832
1.674676
3.841673
5.324423
1.267574
0.753742
1.752012
0.699413
0.739733
0.427863
0.326316
3.180669
2.924978
0.504373
6.045157
0.934059
0.293535
2.472746
0.106291
0.983844
0.315782
1.370125
0.714274
2.167178
2.733903
0.041193
0.068481
2.596045
0.437411
1.003404
2.527929
0.675485
1.814687
0.499823
0.913716
0.784043
1.047431
0.929682
0.187004
3.797172
0.208566
1.164775
1.810759
2.739418
1.333886
0.210870
0.040196
2.257574
4.087421
0.122253
4.502736
1.563204
1.634197
4.128836
1.957594
1.134626
4.138480
0.688102
0.710004
1.637516
0.546681
0.967342
0.435513
0.268877
1.121430
0.339653
3.303210
1.930009
1.771009
4.157419
2.766008
1.277261
0.213517
3.396053
0.922603
1.743967
5.228801
2.214634
1.156814
2.069666
1.232341
0.694829
2.625315
3.003430
1.576719
0.146207
3.831283
1.004311
2.531388
1.613030
0.378878
3.359051
0.631064
2.037289
0.390345
1.581693
0.553994
7.591955
0.238528
2.865792
4.996108
3.748860
0.558750
4.065865
5.611701
0.440832
1.765689
2.491537
1.907230
0.217460
1.175073
0.777730
1.472220
0.754365
1.851931
2.491113
0.001465
0.344288
1.491684
2.264569
2.021128
1.321203
0.950288
0.145748
0.716631
4.228438
0.593759
1.448658
4.325285
4.310482
1.132367
0.086054
0.646352
1.033978
7.160944
1.802475
2.451632
0.116292
1.729713
4.391644
0.092563
2.192409
9.033349
1.819835
0.297780
1.921217
2.993317
0.741766
3.086799
0.713053
4.635799
0.591789
1.212658
0.861397
3.903021
0.582865
0.742474
4.973968
2.752910
3.697807
2.262865
2.209469
0.301041
0.201398
1.423255
2.829042
0.107385
0.087711
6.612596
1.228953
4.577169
0.463096
2.292219
2.525770
2.741821
0.452966
4.010702
0.691980
2.610176
4.185426
2.641255
2.799379
6.321737
5.918825
1.268495
0.032489
2.962477
1.980464
0.563437
2.143687
2.287041
0.402474
1.045577
2.529658
3.489220
4.618520
1.131077
0.473665
0.773771
1.217364
2.695246
0.135467
0.758730
0.222774
6.324619
2.474638
0.225984
2.501959
2.577357
0.046496
0.353517
0.129337
2.045420
4.076614
0.988541
1.074404
1.179141
5.585623
1.394122
3.305121
0.048683
0.213789
3.310225
0.065515
0.802829
0.022958
0.708438
3.016902
3.525530
0.357162
0.810503
4.971767
1.534210
0.277273
3.421556
0.916996
0.637854
0.422729
0.400013
1.599132
0.461943
0.179646
10.353704
3.957461
0.647786
0.197891
1.900904
0.358622
1.909449
0.368724
2.067091
2.752427
1.515241
0.835834
1.832002
2.648584
0.380723
0.264275
1.767461
1.007844
1.200385
0.226325
0.903813
0.870337
0.763732
1.379592
1.919782
0.256904
12.540147
3.214791
3.202040
7.470706
0.631483
0.868074
0.902759
1.891768
0.952743
6.736240
2.866815
1.566675
2.282259
0.859332
0.033606
2.726016
1.942061
1.667216
0.555202
1.280731
0.276852
0.503431
5.549088
2.866047
0.044498
1.971612
1.038076
1.533553
1.475026
1.900115
0.291486
3.593922
1.275297
0.632571
1.408512
0.206264
0.850441
0.674459
1.961333
10.148395
2.117476
0.247350
2.319672
2.738218
3.347302
2.542238
2.129122
1.162372
0.249561
0.111382
2.062635
0.651249
3.951289
0.143255
3.389727
0.519590
0.524582
1.030398
0.369752
0.165938
0.110092
1.423504
0.040694
0.779802
0.001038
1.135164
1.684854
4.033961
0.801826
5.860816
0.875058
0.067471
2.971356
0.637266
6.408547
3.306714
2.100656
0.234956
3.366266
3.468714
3.331097
0.402549
1.120040
0.044373
1.390694
0.037956
4.759141
1.366254
2.666331
0.465021
0.179245
1.174085
0.675827
3.372847
0.289298
2.729597
3.951730
0.464020
7.363649
0.161698
1.775749
8.446843
0.846989
0.208024
0.968629
0.589329
4.082245
1.896488
0.718903
5.944892
6.845458
0.502332
1.242425
1.084141
5.725959
1.094664
2.093341
0.041504
0.241488
1.836125
0.364619
4.778350
0.727227
5.352605
0.131813
2.792709
1.650987
1.837654
0.710092
1.875333
1.109702
0.919604
6.230268
2.089694
1.883298
4.672073
0.201533
7.564964
1.114066
4.273430
0.845033
0.582620
3.287041
0.742740
3.237456
0.785669
0.572599
0.075124
0.936202
1.919623
1.629504
5.334066
0.251222
1.254160
2.368541
2.325130
2.381349
0.297993
1.850391
2.676078
1.495935
2.743745
0.846244
0.501862
2.658245
2.983256
0.955694
1.398539
1.348327
1.182776
0.885294
0.408829
3.472868
2.019117
0.557137
0.222229
1.494775
1.630608
0.276292
0.635169
0.480871
5.793356
1.727685
0.478466
0.338424
5.453558
3.665117
2.424165
6.614262
0.964077
3.025472
0.842148
2.597834
3.470790
4.137030
6.622612
2.405181
3.207191
0.221342
0.708264
0.249077
2.889463
0.228377
5.410189
0.586217
0.725559
1.042594
6.883230
0.722228
4.022070
0.174977
0.940105
0.385158
2.648814
2.669111
1.465351
3.358397
1.242085
0.098774
3.324330
0.243693
1.340199
3.536946
6.074207
0.105583
0.294807
4.109688
2.880682
0.187607
2.748322
1.208186
0.066461
1.363234
0.268319
3.697419
0.963880
1.926808
0.122058
2.068292
1.850545
2.917090
0.198160
0.809130
1.149644
2.645145
0.738497
3.323044
0.618884
1.803678
0.690514
0.839267
2.331582
4.042695
0.109769
2.478849
1.157794
1.931772
0.159912
5.016247
2.011259
1.908181
0.549250
0.751696
3.161005
0.230430
3.421894
1.178261
1.999448
0.920184
0.698287
1.488598
0.124785
1.483081
0.395098
3.364952
1.001389
3.578520
1.766722
3.174391
0.478001
6.959004
2.840122
1.256676
3.901303
1.048874
0.626384
1.829105
0.053567
1.466240
0.272021
0.746105
1.137642
1.210197
1.358654
3.126324
0.027966
1.078377
0.517691
1.460025
1.962310
1.109596
13.519243
3.585840
2.626676
0.312640
0.329696
0.408829
0.048996
4.345016
0.164811
4.780347
1.239701
0.951859
0.688016
4.262087
2.302421
0.993449
5.042657
4.438260
0.649052
3.315983
4.019335
0.137755
3.975199
0.586544
0.753742
0.471809
1.259080
3.697807
3.521976
0.963682
0.321723
0.394355
2.799874
1.710815
0.865815
0.378509
0.295232
3.438174
6.026437
2.981087
4.442195
1.749961
1.237320
0.526964
1.067002
2.917090
0.939519
5.674254
0.970116
0.447233
0.209650
1.447903
6.694170
5.033563
1.255875
0.281625
0.222024
0.246107
0.637182
3.024364
0.420393
0.161765
3.579251
1.332341
2.647666
7.180757
0.002565
0.249492
0.872412
3.388730
2.046099
3.783365
2.565655
1.280384
0.002932
4.722563
2.712703
0.048809
8.226147
2.102227
2.018112
0.890622
2.735340
1.996465
0.419189
0.781425
2.000942
2.218887
3.963209
0.629308
4.480248
1.782285
7.475828
0.901034
0.331424
2.247034
2.472956
1.263093
0.220320
1.226810
0.240042
8.357215
1.032954
5.275187
4.013424
1.192946
0.488882
2.751219
8.945904
0.627386
1.042799
1.734501
0.546360
1.088554
3.321116
0.260447
1.014928
1.201275
1.798271
5.164001
0.384344
2.121527
0.291627
1.853164
5.822310
2.507938
1.109702
1.553891
0.089114
2.569181
1.116731
2.066233
3.451842
3.902162
1.000281
0.714623
0.462481
1.847622
1.762740
0.148704
6.269158
3.659403
0.965462
0.601494
0.877328
2.109749
0.529666
5.035832
1.571892
0.433844
1.105349
1.075344
0.513505
1.259653
0.323660
0.260239
5.953258
0.799731
3.367251
0.851562
2.359188
1.919782
0.173313
0.190425
7.819047
2.320840
1.877204
2.558404
0.511297
0.557943
5.326173
0.355120
1.571758
3.124868
1.374853
2.334326
2.673056
1.572696
0.703140
5.164809
2.246283
0.358111
0.095314
0.291910
3.161005
0.276712
1.119293
1.061495
5.365953
0.261003
0.782147
3.516302
0.464482
0.570325
1.486929
0.407033
0.398001
1.161281
4.428179
1.081414
11.604176
4.577771
1.075971
0.637854
2.724585
4.525480
0.388343
0.814443
2.640340
3.276020
1.977181
0.014272
5.307876
2.324349
0.502803
1.569482
0.571787
0.648377
3.331097
2.480114
5.382990
2.592472
3.252606
0.408679
2.631448
5.420255
1.601714
0.652432
0.234819
3.295902
5.171278
0.171849
0.417308
0.757750
1.609342
1.957756
2.049327
2.094559
2.356807
0.285986
0.666096
0.897972
0.440223
0.012183
1.566808
3.346651
1.637793
1.680182
1.618095
2.909755
1.299345
0.507832
0.174045
1.362993
5.851689
0.186133
0.008318
0.469184
0.727490
2.384162
1.605524
0.433617
0.547724
4.216844
0.126215
1.229517
0.430284
1.043211
1.073047
0.606613
0.347045
1.346770
5.132769
0.886434
0.770270
2.608826
3.704410
0.730126
1.417791
1.866156
0.631064
2.236923
6.170643
0.272161
1.889883
1.372548
0.684145
2.274441
0.880928
3.539094
0.635504
2.619426
0.951662
2.605904
0.467101
1.152357
1.272181
1.445512
1.533684
3.014972
0.829633
2.180570
1.537894
0.653109
3.040768
0.345303
2.111678
6.033904
0.578622
2.115014
0.902471
1.487699
1.590056
0.686467
0.231595
1.655032
3.617994
1.482313
0.481337
1.661045
2.500893
2.925242
0.664649
2.042706
1.639455
0.580906
0.097043
3.944698
4.016150
4.316285
0.254269
4.053320
3.036863
1.406415
1.968506
3.684282
1.736100
0.849601
0.437867
1.082882
0.664819
0.116939
0.611827
2.141371
0.287817
0.280711
0.338352
2.061266
0.377035
0.173978
5.740980
3.434431
1.810306
0.490598
1.427113
2.128769
0.340666
0.799822
3.397721
2.520382
0.682943
0.423257
3.540169
2.956312
0.446699
0.332073
0.155686
9.220621
2.020792
2.561257
0.709569
3.707524
1.583848
1.162372
0.424389
3.297488
0.914776
5.199011
2.096995
1.192503
0.268738
1.033466
1.579810
10.148395
0.244313
1.773525
1.275990
7.266646
0.789379
0.556411
1.094980
0.086500
0.948423
0.640206
4.502156
1.618918
0.328905
2.371136
0.931529
0.008441
3.908614
0.733294
2.085188
4.800435
2.746876
1.181013
7.147843
0.570812
0.398820
1.960032
1.351324
0.061168
0.711311
1.124533
5.440541
0.207347
7.706592
1.424250
0.057709
2.872710
0.764626
9.783752
1.876112
0.847269
0.895869
0.429830
4.351458
0.578133
0.666862
5.460099
3.825489
2.003765
2.781888
0.829541
0.645762
0.621131
2.270258
1.132797
0.644751
2.545940
0.216031
1.010472
5.167232
1.036743
0.980552
3.518073
3.975199
1.923611
1.336742
3.545192
0.973191
0.340160
1.288505
0.707829
6.992954
1.835972
0.131227
0.515479
2.550960
3.975199
0.824465
1.015841
2.357798
0.196005
1.061391
0.650488
1.645699
1.537104
0.530541
1.304494
1.911353
1.133119
0.582457
1.983259
1.540397
1.639178
0.395173
7.843550
5.377594
1.400874
1.532896
1.920898
0.190492
0.603557
0.535800
1.821352
5.631996
0.582048
4.660745
4.114458
2.140125
0.899598
0.325526
0.794095
4.900473
0.149757
1.516023
3.197506
0.503588
0.730214
1.001892
0.967639
0.857738
0.133052
0.849975
5.263277
0.603227
1.197717
1.629091
9.136524
1.756120
0.388713
1.885334
0.341101
0.076201
0.319001
0.276151
0.099608
3.209316
0.480716
4.418705
3.715332
0.709308
2.335502
2.100133
2.309188
0.960424
2.576029
1.004715
3.172900
0.787388
0.285634
0.547804
2.170427
2.256820
2.877078
2.351657
0.252468
0.922506
0.005134
1.375824
2.260596
0.226257
1.493873
3.164566
6.128369
1.236074
3.917250
3.042444
1.494130
2.212419
4.015241
1.994809
0.159780
1.795273
2.789013
3.942506
0.325095
3.259134
2.237296
4.256439
0.969719
0.649559
1.570820
5.671132
1.597232
2.060924
0.309858
0.422353
0.560608
1.320849
0.230157
0.145354
1.746158
1.990346
4.825490
2.880167
2.620105
5.679470
1.040334
4.843974
1.962961
1.455849
0.121539
0.784856
2.572712
3.537662
1.121644
4.584404
0.261351
2.649732
0.024008
1.239587
4.549079
3.543038
0.068481
2.892831
0.002015
0.295515
0.689308
0.827693
1.678628
1.663007
1.994313
1.156379
6.647876
0.275871
0.339943
3.079101
1.122821
1.030398
2.909494
0.802008
2.150652
0.332361
0.238872
2.880425
0.340811
2.066062
1.673971
7.425192
2.547030
1.678910
0.717417
0.456491
4.338596
0.164016
0.135467
0.141944
2.327474
4.436577
2.856095
0.513979
1.690105
5.041898
1.023157
3.960112
3.212052
1.091712
1.639455
2.580681
0.477536
0.236467
4.411489
5.795569
2.151547
0.526011
3.368238
0.810961
6.773792
0.029328
7.865239
1.005017
3.025195
1.578063
1.696367
2.915516
0.256072
1.243448
0.149362
0.730654
0.002871
1.310244
1.696224
1.539474
6.066588
0.442735
0.487791
2.341988
3.068033
0.366890
4.313118
0.077026
1.225908
2.274631
2.356807
2.809052
0.944407
0.573656
1.092660
0.031063
6.518269
0.610170
1.208410
1.621113
3.882078
2.779436
0.776829
1.038691
1.780798
2.901405
1.210868
0.047933
0.107578
0.787026
0.489740
1.582636
1.992659
1.006228
3.758430
0.918444
0.812609
4.163772
0.904869
2.982442
2.900885
0.125629
0.122123
3.832113
0.658531
1.592490
2.143687
0.966847
0.374899
0.113125
2.685873
5.941317
0.508855
0.235299
1.464082
6.708096
1.392285
0.240455
1.744551
3.960112
2.213342
2.333737
2.134971
0.271952
2.730792
3.762430
0.061105
1.143796
1.742216
4.472808
2.409859
1.737409
6.046412
1.618506
3.729464
1.113852
1.640702
0.757839
2.535070
1.856868
3.678129
1.022547
1.633230
0.350315
4.194849
1.012699
1.831544
4.383979
0.664393
7.501634
3.160413
1.618781
1.021529
2.265705
0.762927
2.714363
2.099086
0.540193
1.272296
1.486672
0.954414
1.069605
0.132400
2.359386
0.106098
3.252916
4.122593
2.838860
0.257668
1.723779
0.619550
1.164447
1.150837
2.111152
1.838725
4.091194
1.492456
0.509407
1.265850
0.470728
1.726816
0.371368
1.014117
5.329677
1.429108
0.559154
0.204911
1.201164
5.083326
1.772489
3.710644
0.896920
0.710004
1.290249
0.198834
5.730239
0.774401
3.147414
5.434988
0.499353
1.781839
0.467795
1.134626
0.570406
2.069495
1.415436
1.498257
3.820535
1.837042
0.107450
1.388004
1.632954
0.581559
3.796357
2.212234
4.818687
8.584829
0.400236
0.901417
4.727747
0.869299
0.628973
3.141533
2.907403
1.985234
6.307389
4.607491
2.831555
0.530382
3.830040
3.114413
0.667970
0.744421
5.172899
3.412795
7.313377
0.910249
0.013473
6.637732
7.113322
0.579600
0.402325
1.538816
0.338135
0.980552
1.468910
3.837511
1.424374
1.514460
0.275591
5.920003
0.866944
6.251008
10.773145
5.272629
2.116948
0.955005
1.755533
0.118428
0.335968
1.305666
2.138880
0.367697
1.424126
0.853245
0.674715
1.354805
0.353881
2.561257
1.531320
1.416180
0.421071
0.848668
2.861193
4.397687
3.412795
0.672407
0.051061
0.357016
3.633704
1.675381
1.679476
0.341535
1.980628
6.604287
3.440218
3.580713
0.059218
0.648714
5.166424
1.895228
2.757751
7.113322
0.503117
2.921293
1.611390
1.312478
2.391614
9.553614
5.936561
0.112802
3.433072
2.568960
1.649176
1.270683
3.010842
0.823543
6.281821
1.256561
1.616040
3.049721
0.204235
0.539714
3.492716
2.865536
0.371883
3.472175
0.316997
0.115128
11.059347
2.916827
0.987640
0.164877
2.729836
3.648025
4.830266
0.591297
0.361326
0.479629
1.042183
0.781876
0.131683
5.128008
5.457293
0.313567
0.535322
5.327048
0.140241
0.280571
1.706799
2.214080
2.045420
3.946015
1.758765
1.017465
0.146667
0.004644
0.004522
0.462789
2.518876
0.244589
2.761875
0.031559
0.537477
1.163027
5.784531
1.121858
1.111298
0.622797
0.419114
2.878622
1.400874
6.617598
3.561062
0.221274
0.696125
0.645509
1.201386
2.773810
0.734263
8.634549
0.623214
3.823836
0.349224
1.464462
2.351657
2.004264
0.762301
1.781095
2.749529
13.741694
1.921696
1.377281
1.715703
4.714811
1.649455
0.324449
2.711519
0.744156
3.407087
1.045165
1.650012
0.141747
5.189997
3.865144
0.371589
1.816957
2.143331
1.767756
1.585870
2.233936
0.036277
0.191164
0.520065
0.424389
0.813801
3.736172
4.617906
0.539794
1.094347
2.418635
1.929048
0.734087
0.661843
2.155488
3.937254
0.079057
0.744421
0.269785
0.268877
0.625716
1.300046
0.568134
0.755077
3.091089
1.197051
1.061391
1.780798
1.908815
0.275871
1.460658
6.072936
0.347989
1.663848
0.209311
0.556008
0.170586
2.594704
4.558001
3.126033
0.512559
0.177977
8.484699
1.109596
1.218486
1.324159
0.051312
0.163022
2.670503
0.629308
2.851265
2.259462
0.735762
0.307223
0.801371
1.696652
0.695520
2.417612
1.446141
0.437639
1.799621
0.336257
1.304143
0.417308
0.993449
0.340377
0.290286
2.326888
0.296647
0.563680
2.417204
0.066271
0.820597
3.830869
1.630883
1.688400
9.166154
0.842520
8.867257
3.216314
0.080835
0.144698
4.777684
1.693233
2.108523
4.434894
0.363081
1.608114
2.302228
0.313710
1.444632
2.339627
0.409428
1.493615
3.752842
4.133652
0.621881
3.735382
3.129532
1.535788
0.427108
0.307650
0.580008
0.996260
0.044186
0.239010
0.004338
0.097492
2.218702
0.780343
4.818687
2.333345
2.444367
0.408155
4.585008
1.724502
2.709862
0.319574
0.533727
1.681455
2.939256
0.192642
0.522283
0.896920
0.607853
0.947835
6.896621
2.531388
1.038076
1.502263
0.273840
0.874396
0.703487
0.026295
1.436104
2.609951
1.212434
0.204167
0.933378
1.187855
1.303440
0.518799
0.260447
1.395961
0.475522
5.392920
1.499161
0.123551
0.549250
2.275202
8.120764
0.053129
0.176643
2.377939
5.948473
0.207211
4.926105
0.414002
0.344506
1.494646
0.304308
5.779035
2.256254
0.718903
2.552272
3.182466
1.073882
10.582524
1.493744
4.271879
0.426428
6.167975
1.911829
0.471809
5.144724
0.194121
2.806567
1.290598
0.119530
7.320482
0.051688
1.819684
3.524463
1.107046
4.209318
6.153361
1.118118
0.959141
1.205397
2.999051
2.413732
0.438475
1.515892
2.266084
1.141634
0.285422
6.174652
2.985698
3.965867
0.542033
3.749258
0.978162
1.197273
0.842706
1.382392
2.870914
1.749522
1.034694
0.570244
3.418856
0.507046
4.102080
0.437639
0.881686
0.340305
0.888432
0.256002
2.466451
4.472808
0.665074
1.033875
0.749564
3.778111
2.555773
0.860834
0.339943
4.098287
0.433238
2.439608
1.719160
2.566096
1.814989
2.731270
0.940789
1.872217
8.771881
2.911324
2.557746
0.822990
1.290482
0.791192
3.348278
0.515005
4.519039
0.145814
2.815527
0.775480
1.444255
1.381905
2.071729
0.076962
1.277261
1.445889
0.724594
3.468368
0.410702
0.186937
2.103799
5.084101
1.118652
4.574162
0.374899
3.609443
0.731622
0.624798
1.211763
1.796921
3.793508
0.642982
0.630813
0.996461
1.158774
0.838432
0.323014
2.678639
3.073133
0.403744
5.500753
2.077929
2.234869
1.094031
0.691204
0.050310
0.470805
2.782869
1.853164
3.375155
2.931047
6.510342
0.646521
9.295629
0.920377
2.283979
4.116369
0.015502
2.374335
0.405686
0.156345
3.243625
1.344139
0.207414
5.428529
5.120886
1.480777
0.912174
0.910442
4.530178
4.097340
0.680968
0.972298
1.097937
2.470645
0.026604
0.046183
1.331153
0.865721
0.706960
1.055588
8.089157
2.731270
4.542562
9.531992
6.084412
0.312568
1.075240
0.827140
0.031621
0.406060
7.435217
1.519803
0.216916
0.119270
1.515111
1.735955
0.148770
0.093139
0.416481
3.700135
0.741590
0.166137
0.895965
5.372213
4.834368
1.792579
0.253437
0.109963
1.474898
0.848575
1.629504
0.609508
1.208298
1.307308
1.572830
1.827735
0.323588
1.301684
2.318893
1.696794
1.853935
0.680111
3.774481
6.654667
3.526242
0.717330
0.178578
1.098360
6.045157
1.092449
0.760069
3.267559
0.114741
5.320055
1.794973
2.774543
0.832407
0.966154
0.718991
1.175842
2.413732
0.537796
0.328617
0.095058
0.784314
1.141526
0.636343
2.733663
0.998672
2.317337
0.695607
4.985008
1.334957
1.922653
2.579129
0.870431
3.056744
1.639593
1.356128
0.034786
2.056653
0.340883
7.644264
0.771077
2.276916
1.531977
1.000080
0.884629
4.802454
0.545799
3.716115
0.210667
0.126735
2.144757
5.081002
9.124794
2.160695
0.359133
0.366451
5.042657
6.612596
2.264758
0.597870
0.132531
0.850255
4.153519
0.562952
1.486544
0.545638
2.900624
2.421910
0.613983
0.432631
3.853374
0.255309
0.713053
0.436272
1.841329
1.001490
1.907072
3.068599
1.051351
2.740619
2.918928
0.232966
3.691226
5.195729
2.181842
1.369277
0.761051
0.070566
1.219385
1.877828
6.291725
3.420881
0.092755
3.583641
3.876135
2.946700
0.321651
5.513208
1.183217
4.294220
1.047740
1.967037
0.468721
1.042285
1.388004
0.183857
1.125819
1.167180
2.593364
0.212770
0.540113
2.598505
0.079692
3.449443
1.896646
1.169370
8.514646
3.576330
2.005761
1.016551
1.522938
1.585870
1.941577
1.138504
0.542674
1.678345
1.203279
0.955890
2.683537
0.179779
2.570946
1.100158
0.071705
5.151129
0.018395
0.498570
1.471456
0.733735
4.941932
1.858722
0.553753
6.605946
0.347553
0.512637
0.860177
2.048987
0.979058
6.978905
0.482346
2.059727
5.996843
1.393020
0.374016
1.251534
0.897589
3.022703
0.897207
0.298701
2.082592
4.085067
2.109925
0.910442
0.744687
5.264974
0.162426
0.090008
0.296222
2.190400
3.261939
0.641636
1.574706
0.370413
0.108545
1.175183
2.464985
1.020004
7.647055
1.309892
0.389603
0.500607
6.104977
4.028464
0.438247
0.730566
0.533408
1.455723
1.243789
2.776254
1.312125
0.217596
1.462179
2.839365
0.186535
5.124839
1.455976
0.504923
3.335621
4.835053
1.691526
1.650569
2.029697
4.228944
1.023666
2.034249
1.006935
1.763624
1.419280
0.263021
0.097748
2.559281
1.771304
0.285211
0.320791
1.063883
1.009461
1.353964
1.132367
0.791736
3.262250
1.237320
0.008931
8.704405
0.545157
0.653701
0.199643
0.935033
0.560123
0.867132
3.849605
1.082043
0.951269
1.193944
0.328114
1.307191
0.343926
2.667257
3.793508
1.017160
0.649305
9.582811
1.487571
0.485067
3.404741
3.889319
0.191768
0.345231
2.191678
1.226472
0.764626
8.728243
3.898729
0.561335
2.299143
0.673006
0.150085
0.975476
1.633506
3.240538
8.877566
1.719160
0.370119
1.113639
2.580238
1.768495
0.771167
4.663257
0.180648
1.040231
0.829541
3.955255
3.519137
0.765968
0.495596
0.657429
2.159437
2.900104
1.078900
6.031412
0.485923
0.781876
0.675400
0.122577
2.337858
2.112205
1.898222
1.241744
0.952448
2.790984
0.472969
2.875021
3.646512
0.952546
0.128491
2.931047
4.035337
6.053954
6.516681
1.174524
0.100057
3.284517
0.282187
5.124048
0.136709
0.289228
3.084515
2.435272
1.393142
1.191727
0.217460
1.858104
0.863464
5.155143
1.729713
1.703936
6.398048
1.210086
0.529666
5.987075
1.889255
2.931576
1.979479
0.647617
1.302152
1.226585
0.407033
0.558428
0.340739
0.546922
2.678639
4.050081
1.394490
0.767939
3.631452
1.382757
9.568159
0.425974
2.562796
2.722441
0.777639
2.522320
1.276336
4.702598
1.264930
3.377136
0.652432
0.056767
5.075589
2.037966
0.787569
0.322512
0.759176
1.581693
0.525376
3.610185
0.410027
2.648355
1.503816
1.930169
0.078930
4.003461
0.336473
1.047328
1.373154
1.557877
1.060042
1.292112
2.394846
6.399545
0.923474
0.265529
2.378941
1.816957
0.418436
1.846085
0.127840
0.632822
0.749298
0.990843
1.096564
1.073047
0.036525
1.122607
0.286056
4.894116
0.662692
1.018074
3.542679
0.840196
1.135164
2.001440
0.106806
6.543849
1.648898
2.896204
2.260218
0.685951
0.331136
2.458297
0.932113
1.961984
4.901180
0.081853
3.119924
0.819769
0.612325
1.090659
2.517156
0.671212
1.204839
0.205790
4.677761
0.468952
3.036585
0.279237
3.194790
1.080680
4.389999
1.006127
4.186415
2.052731
1.731453
9.095766
3.533729
0.965857
0.327754
0.234475
0.659719
1.845164
2.428888
0.033854
0.702272
0.202545
0.966451
0.334164
0.912367
1.023157
0.102175
0.098133
0.233583
1.680607
0.752052
0.111705
1.023259
2.191313
1.117798
1.635856
0.293888
0.785760
0.003421
2.559501
0.969422
0.458793
9.673052
0.907269
0.202681
2.399905
6.464975
0.175444
0.302674
2.634863
0.100634
0.435437
3.710644
13.319076
2.105547
1.818774
3.030187
1.284092
0.559638
0.311569
0.036277
1.604162
0.873829
2.010592
1.559208
2.095255
0.250737
9.347245
0.149757
1.939645
1.075449
2.729836
0.008563
3.504298
0.082679
