0.252761
0.513382
0.038122
1.287735
1.472146
0.541862
0.671610
0.803068
0.614899
1.719291
2.332197
0.399562
1.393449
1.176952
1.475101
0.968644
2.008555
1.693661
1.735350
2.248781
3.046652
1.911943
0.855178
12.606657
4.668863
0.913715
0.093034
1.013162
0.455434
2.542837
0.856198
1.152806
2.184741
2.668619
2.794035
0.187807
2.215012
0.489742
0.326648
0.771338
0.340753
0.427789
0.302141
0.179006
1.969800
0.441256
1.688750
5.672125
0.032563
0.423784
1.345217
0.232230
0.019698
0.224879
0.442781
3.445514
1.656147
0.265774
0.557281
0.284190
0.239907
1.468582
0.129628
1.492072
0.069960
0.688514
0.126278
2.643089
4.559468
3.072804
3.887619
1.508966
2.189843
1.782400
1.037154
0.090132
1.100117
0.908970
4.937266
2.436604
0.668037
0.797314
0.209871
1.000321
1.879583
0.441455
1.803428
0.388544
0.360905
1.096381
7.551233
1.239107
2.338185
0.067734
0.634507
0.888388
3.238967
0.555719
0.738695
1.940865
1.925453
0.577081
1.140762
3.060953
0.714392
1.094614
2.349185
1.106822
0.928743
0.709869
0.966553
3.044755
0.855093
1.331705
2.344818
0.392595
0.113543
0.089702
0.554796
5.274124
1.221549
1.221020
1.697319
3.844165
2.901001
2.114728
0.280996
1.657522
4.434107
0.223773
4.756557
2.075574
5.073543
1.010828
0.298122
0.440660
0.870714
0.694444
3.426727
1.813514
1.106427
3.573734
0.478657
1.212787
5.829141
0.532245
1.517793
2.344818
3.568965
0.434839
4.138868
0.912044
1.022248
0.986290
0.911429
1.056791
1.292698
2.604785
3.026523
0.483476
6.740964
0.997820
2.847923
1.698868
0.317639
2.443420
0.677327
0.459851
0.467914
5.779485
0.743297
1.970629
0.148759
1.132011
2.202380
1.100412
2.252707
0.335271
1.150370
0.547787
0.587034
0.004125
1.515645
0.460455
2.998620
1.312144
0.464953
0.504547
1.375590
0.027281
2.940018
1.663997
2.029737
4.618542
2.002625
0.146148
0.487151
0.526375
1.756081
1.905548
0.309719
0.358444
1.107119
1.248118
0.222959
0.447831
1.045134
2.400569
0.824534
0.005094
0.048301
2.875107
4.939235
0.377408
1.445176
0.861563
0.965100
0.349073
2.189464
0.267028
0.039111
2.319262
2.798391
1.046562
2.337358
0.742900
0.023305
1.172835
1.391104
1.479544
6.518412
2.066586
1.019057
4.594340
0.443976
5.314346
5.875133
2.398637
0.459918
2.154825
1.369448
1.353102
1.082203
0.503721
4.836110
0.492200
0.686747
0.453162
0.057594
3.131359
0.433255
3.125045
1.236435
4.824116
1.978112
2.656807
2.376689
1.462454
4.049879
0.383479
5.119000
4.812208
0.858750
2.962731
0.726145
0.399433
0.616371
1.643146
1.015125
0.644211
0.123811
0.144427
3.317127
2.342742
3.208702
0.646383
3.324961
0.332723
1.379775
0.902751
0.710336
0.142542
2.681278
4.155403
0.237383
0.249627
1.504946
0.013123
0.637412
1.413164
0.504891
0.670088
2.168034
0.280033
0.415866
3.645139
0.121840
0.236914
0.239437
0.022892
3.611051
2.299338
0.347882
3.709347
3.536810
1.556812
3.612828
1.413876
2.314973
1.491823
0.303910
5.426604
0.132985
1.327978
0.427132
2.407671
0.818124
1.061304
3.200006
2.928187
8.354521
0.787495
1.743872
3.423550
1.838463
1.654499
5.162351
0.121292
2.614767
3.797838
3.153141
0.981242
0.051917
1.088153
0.070544
1.340663
0.291505
0.401567
0.030075
0.919180
0.212353
1.973120
0.543553
0.433058
3.674857
11.139393
0.013790
1.679390
0.584793
1.850924
0.051550
0.661518
0.643687
0.265118
0.795837
1.805531
0.040205
0.776031
0.701790
4.036072
1.837697
2.724009
0.631755
0.158184
0.237441
1.298120
0.593340
2.757722
0.419264
2.456916
0.896033
0.238204
5.128905
0.568332
0.471149
4.321594
0.912747
0.533785
0.759022
1.617713
0.672599
0.106642
3.904475
4.299975
2.695058
0.222727
1.083957
0.790598
1.196545
6.567397
0.705358
0.565187
2.850453
0.468318
0.196941
5.530039
3.862649
1.346016
3.162613
2.298934
1.342370
1.393449
5.498053
2.674683
2.037491
2.455140
1.692116
0.174031
0.540103
0.624119
0.451028
1.789082
0.967734
1.378728
1.059959
0.788066
3.980295
1.732327
1.936795
1.299894
0.641966
1.728305
0.242728
0.907040
0.677251
2.016723
1.275335
4.248424
1.207005
2.200855
2.675949
2.701220
1.562258
6.833497
0.505993
0.756057
0.582700
0.227384
0.454231
0.257206
0.047358
0.260473
0.545174
1.240820
0.057594
1.922226
4.865063
2.589562
0.140162
0.251932
1.053056
1.216898
0.177705
0.274687
0.194939
3.423947
0.523518
2.332816
1.534313
1.826246
1.618653
3.622187
1.064480
2.284049
2.791861
1.147836
1.671329
1.599022
0.197800
4.713853
0.091475
2.624072
0.407922
3.769280
3.365844
3.102315
8.566187
1.266177
2.410477
1.554484
2.168594
0.232288
0.003717
1.209946
6.556964
3.514874
3.584186
1.337823
1.760317
0.123044
0.081030
2.245060
0.681762
0.895946
0.885271
1.997727
1.366559
1.897907
0.207046
0.343626
0.023924
0.814223
0.607999
0.229309
0.729766
2.555987
0.169069
0.144871
1.854480
2.725313
1.442998
1.619190
0.429697
0.441521
0.346817
1.478061
1.331140
2.665092
0.565973
2.072220
1.079674
0.909935
0.657212
1.269659
0.464079
0.637114
0.801916
0.216981
0.394592
0.357813
1.062555
1.320772
0.665002
0.443246
0.958759
1.420781
4.202847
0.217213
2.521458
1.336122
3.599547
2.647815
0.506406
5.736025
4.329774
0.288297
1.717722
1.657659
3.418005
1.077051
0.783095
4.877357
2.045455
1.803278
1.567200
0.541510
0.842566
0.333530
0.750862
2.890307
0.170872
2.646570
0.318993
0.030179
3.182062
3.108215
0.193624
3.763918
0.744807
0.632201
0.993568
0.860284
4.250378
0.826120
3.894446
0.221158
0.247265
2.080174
2.034385
0.803068
1.071624
0.125894
0.893075
0.362611
0.535818
2.278452
2.598969
0.083060
0.640920
0.351772
1.347271
5.083180
1.219434
0.688514
0.911341
2.379655
3.129362
0.326648
0.376069
0.382647
0.163562
3.331330
0.731422
1.685671
1.293251
0.121621
2.790503
4.057406
0.267147
2.626530
0.932477
0.932388
0.737745
0.697224
3.782513
2.257627
0.142542
2.119076
1.079285
2.424142
0.002138
0.215823
0.785212
0.005962
2.267908
2.425014
0.226918
2.520073
0.081884
2.544007
2.792404
5.263321
1.170164
0.749346
1.050857
0.161375
5.516057
3.984178
1.215632
1.148646
0.390601
0.827874
1.477938
0.363497
7.518506
1.660412
1.251778
0.397817
10.296167
2.150013
11.898519
0.360400
3.882908
0.707223
1.039525
2.802213
0.014098
0.211140
4.338681
4.327725
1.780030
2.712057
0.499872
5.028253
4.912850
1.141367
1.072882
1.016247
3.636100
1.417087
2.419575
0.826037
1.300782
1.500560
1.880369
5.209173
0.605437
3.541488
0.448296
1.434677
3.293475
8.739860
0.865063
4.680630
5.056547
2.932318
1.876601
1.387124
1.221020
1.251778
0.309596
3.694345
0.699776
6.400716
0.133536
0.663032
2.282248
0.079482
2.547756
0.497334
1.069690
0.654197
1.231103
0.978221
0.684751
1.441427
3.929546
2.893479
2.060096
1.640150
0.300556
0.272170
1.089130
3.246799
1.027422
1.005892
1.316508
0.224472
0.148926
2.538399
0.999023
0.415018
4.408121
0.399433
0.472770
1.700420
0.035366
1.426278
0.352840
3.666574
1.219539
3.394447
0.729845
0.032874
5.924207
3.212892
2.331785
1.615432
0.383031
2.363825
0.134252
9.363474
1.897272
1.489211
1.653264
2.210407
1.749820
0.049767
1.335781
0.830300
7.265561
0.676793
4.874512
1.209000
8.583639
0.529796
6.275343
2.074337
0.111094
1.228019
1.305896
8.073747
1.245538
1.181079
1.658484
0.187352
1.210577
0.297027
4.174593
0.149371
0.425687
1.371300
2.316401
2.083012
0.750463
3.824369
0.093249
0.254063
0.327452
2.741834
0.599888
0.777409
3.729722
0.945701
0.208775
2.936460
3.447928
0.577873
1.566549
2.092981
0.850342
0.694444
0.054595
0.901091
0.766901
0.441587
3.398350
1.646831
2.515235
0.489810
4.402401
0.951182
0.676411
3.516971
1.298785
0.163730
0.025524
0.911956
1.055641
1.936308
5.729682
2.435507
1.537125
0.870371
1.276100
1.684972
0.078415
1.824117
2.638872
0.700860
1.952477
2.393925
0.958488
1.333063
3.228700
0.647058
0.662956
4.954077
0.196254
0.414561
1.525651
0.736083
3.157870
0.419526
1.597297
0.375814
2.173272
0.079695
1.787595
3.124713
1.352759
0.129133
1.797137
2.235891
2.145032
0.930520
3.302674
3.088630
2.527472
1.648745
2.025273
0.680155
0.443312
1.367714
2.743680
0.019955
0.332536
5.139979
0.865918
0.861563
3.283962
0.201814
0.064400
0.072136
2.091732
0.169801
3.527494
3.321972
0.105721
0.132599
1.256852
0.388223
5.615010
0.176347
1.587907
0.818705
0.873117
5.491181
0.074156
0.590365
0.691900
0.884838
0.511722
0.040361
2.138780
0.875523
0.737745
4.421785
0.256672
1.791018
0.641368
0.348697
0.164067
0.238145
0.774735
0.427987
1.248978
2.681024
1.735350
0.071393
2.362145
0.548281
0.153604
3.556029
0.638232
1.773826
4.018405
0.436028
3.321599
0.237852
1.047420
1.481398
2.067114
2.728970
3.293108
0.015483
0.194081
0.377791
0.282321
3.185842
3.114465
3.426329
1.185528
2.242519
0.489742
1.980614
0.172056
0.308249
0.497951
0.304826
0.293809
2.362355
1.166166
0.716423
0.016510
1.480038
0.376579
2.136946
0.705825
1.621207
2.450929
1.762073
2.229290
1.732614
3.152467
1.959549
1.513121
2.207918
2.815657
0.938272
1.114349
1.857888
0.750941
0.223657
0.233985
0.680079
0.492952
2.784815
4.489581
1.066987
3.139034
0.228725
0.810744
3.477988
1.006729
1.401213
0.351646
0.831472
0.321027
0.799120
0.953343
2.408965
0.534696
2.953728
1.905548
2.283849
1.897589
0.078415
0.573490
1.107415
2.173834
0.317392
3.248584
1.635394
2.217319
0.075060
0.104962
0.171886
1.088642
0.154051
2.759053
0.148592
0.382839
2.041814
10.450122
0.185702
0.439534
2.826990
2.265728
2.019625
2.400569
2.695827
0.897863
2.017746
8.139632
1.397091
0.696374
1.177261
0.167663
4.667189
1.105143
0.834323
0.388416
0.188832
7.546518
0.574351
6.140419
0.707457
3.735452
8.828902
2.491027
2.141535
3.547887
0.587685
0.388416
0.030645
0.850088
11.139393
4.457550
1.390518
0.002494
0.521917
1.030062
0.479674
0.461192
0.651112
0.014816
0.746000
6.583170
3.691081
5.327971
1.276210
0.954425
0.947406
0.138890
1.158198
2.901001
1.504695
0.102634
3.089604
4.750389
3.016548
1.037249
1.188223
1.224092
2.263550
2.019454
0.535398
2.048234
5.061840
0.198774
3.567667
1.211839
0.346754
2.196859
0.149037
1.461476
0.745603
3.495293
0.593412
0.139221
0.382455
0.177139
0.158855
0.217097
0.916269
1.705507
0.409351
1.239428
2.697110
4.638982
0.973653
0.453964
0.538416
0.668416
2.994322
0.636145
0.853310
1.167497
2.526082
2.367190
0.383031
2.732373
0.926081
0.101337
3.812803
0.015997
2.383902
2.997391
0.823284
1.611147
0.115777
0.691746
0.174652
0.643612
5.293504
0.455701
0.039840
1.769409
2.089414
1.054875
1.237610
1.247580
0.257147
1.269877
2.785356
1.672855
1.881626
0.141656
1.496935
0.840123
4.509251
0.190200
3.078923
1.189884
0.999765
1.601413
0.338446
1.972455
2.880826
0.181897
2.957323
2.165048
4.703560
1.888878
1.398856
0.812980
1.454036
0.376324
2.253690
0.727561
0.071127
0.492816
2.100856
2.072043
0.065246
0.585082
2.567103
0.171774
1.574379
3.063509
6.954415
0.235507
0.425227
0.050763
2.605756
0.357624
2.718802
0.850766
0.311250
0.280394
4.030352
0.413323
4.864121
0.289749
2.606485
0.441389
4.934317
0.059227
1.159217
0.259760
4.326361
0.970373
3.093179
2.022190
1.885721
0.708390
0.632944
2.092803
0.803151
4.165280
2.729493
3.078278
1.469687
0.944625
0.461930
1.215632
2.870261
0.572342
4.362204
2.978755
0.664395
2.190978
2.380928
2.187006
3.092854
0.705747
0.142875
0.743217
4.241929
6.008105
0.713377
4.170861
2.442319
0.152768
0.739646
3.110844
0.084290
0.488514
0.494525
1.992339
1.662617
2.351269
0.035782
1.335781
2.310898
7.472841
1.814118
0.554158
1.328881
2.051365
3.208702
1.372227
1.068048
2.187573
0.369009
3.891292
1.071914
0.333530
3.443505
1.676606
1.199571
3.455999
3.155166
0.165527
0.615929
4.476844
0.901091
4.639805
2.841476
0.428381
0.447365
3.383179
0.865234
2.271680
1.584087
1.760609
0.318316
1.023657
0.506338
2.348352
0.948125
2.846519
0.402149
0.993937
2.388799
0.934792
0.265655
2.133100
1.669666
0.057594
2.823942
3.161595
0.160647
0.803810
2.903612
5.514665
0.924752
0.143207
0.987210
1.011108
0.627970
0.041560
2.124708
1.419708
0.908356
1.097658
1.262376
0.082472
3.808300
1.061112
3.925788
0.148537
2.500121
1.044372
0.435896
1.445055
1.981783
0.123756
1.620938
3.692479
5.257350
2.230841
0.284431
0.032355
0.771177
0.194081
0.347945
1.270095
3.097741
0.205319
1.044562
0.152266
0.393046
0.789046
0.534346
3.462484
0.451161
0.068157
0.635475
3.289810
0.612620
1.617981
1.343736
0.250749
2.150753
5.356827
2.106967
0.489196
0.214261
3.417609
2.190978
2.979667
4.437019
1.511357
2.211557
0.778707
0.865833
1.688890
4.914790
1.263569
0.235566
0.135797
0.151319
2.287859
1.237290
6.717895
1.341232
1.348755
0.501658
5.162351
0.189801
0.940774
0.232581
1.073754
0.504960
1.173966
0.519414
0.141490
0.150874
8.316727
0.427198
0.018360
1.892832
1.944781
3.497366
0.800764
6.803083
0.749107
1.511735
1.200407
0.379770
0.862330
2.011103
1.101889
1.213208
1.376752
1.598624
1.177673
0.608072
0.202158
2.221750
0.442980
1.671190
0.638605
0.961202
1.391456
0.324793
1.116832
0.455835
0.137343
0.694521
1.277194
1.311920
1.710041
2.383052
0.640098
5.758418
0.679008
4.413142
1.769997
1.939399
0.495963
0.274747
0.631829
2.739727
0.631904
1.357346
3.571131
0.357813
1.469564
0.787577
2.468060
2.364035
0.720571
0.408831
0.594647
1.737224
0.843663
1.303226
0.198258
0.635400
1.850152
0.134749
3.037501
5.119000
3.576341
0.763118
0.600033
0.407337
0.301105
0.359138
0.246144
2.426976
0.733632
0.140826
0.270494
1.327188
0.043177
1.532016
0.536029
0.599013
2.897814
2.021677
1.051717
0.501726
0.483612
2.512477
0.779357
1.213208
0.966099
1.969966
0.212931
0.037185
0.071180
1.116932
0.137122
1.862235
2.895212
6.800072
4.594340
1.089130
0.088951
7.961345
4.157867
0.514074
0.513728
0.779357
1.185631
3.408935
1.274242
1.690152
1.241462
0.680538
2.638376
0.630567
3.247156
0.036250
0.714626
2.930252
2.338392
0.272230
0.240259
0.101445
6.042120
2.118713
3.141042
0.738141
1.761194
0.517124
1.229401
0.342314
0.452562
1.021403
1.711461
0.233692
0.641966
5.298385
0.878019
1.174480
2.087811
1.362983
0.439136
0.473310
1.692818
0.049400
0.066039
0.688130
0.634953
1.824877
1.234300
1.058230
3.483736
8.912253
3.667033
0.296176
3.194118
1.604208
0.399626
0.111421
0.315793
1.718007
0.004176
1.734341
4.725077
1.988478
0.087235
0.022892
3.643327
5.571263
0.335084
0.081617
2.727141
0.464886
6.162846
1.554613
3.016548
1.038481
0.116267
7.856047
4.700997
1.789380
0.223715
0.864551
0.832478
3.069593
0.143540
1.619593
1.786258
2.451372
2.179467
1.450996
1.065733
0.092765
0.504340
0.235449
1.158096
1.461110
3.325335
1.683994
0.806861
2.290068
4.839817
1.815025
1.296680
0.850003
0.161151
1.104452
1.378961
0.107184
0.742423
1.467845
1.300005
0.618876
6.152614
4.304680
0.323495
2.894056
0.104096
0.263092
0.009078
0.125071
1.022248
1.070464
1.540838
0.166032
0.504547
1.154330
0.155558
0.722297
0.240612
1.474608
2.595586
0.197170
0.049872
0.194824
0.845013
0.705126
0.791579
0.466702
1.083957
1.495437
0.751979
1.250378
1.760755
2.489214
0.742423
4.121289
0.634730
0.910023
0.248445
1.296459
0.442383
0.511169
4.431926
3.878211
3.007869
2.031629
4.557900
2.026817
1.516529
0.132104
0.808678
0.087021
0.604413
0.390151
2.210790
0.456704
1.416016
0.461058
0.170815
3.079891
1.033179
0.300313
1.138947
0.636517
1.234620
0.088415
0.059912
3.259694
0.219416
1.009057
1.528449
2.026474
0.840459
4.421785
0.256969
1.614628
1.788636
0.302751
0.338882
2.601390
1.683854
1.883830
1.548033
2.716205
0.710492
1.266503
0.664471
9.494546
6.485706
0.166763
6.818221
2.949842
1.581195
0.445968
0.252998
1.324033
0.220519
6.562172
0.431344
2.925537
0.221390
0.156842
1.999414
1.642601
0.520874
1.142275
1.386189
6.177276
2.514315
0.187523
3.501933
3.827399
1.270313
4.162805
0.492474
0.408701
1.351271
4.207921
0.084076
0.907917
0.485721
2.343987
0.452161
0.718457
0.473986
1.529594
1.772058
3.961014
0.256375
0.473378
1.664411
1.119519
0.115068
3.026210
1.773826
0.840123
0.700318
0.446234
0.235331
3.986401
0.220867
1.141468
3.216742
0.514836
0.686056
0.866260
0.514074
0.492610
2.566391
1.342028
0.178497
1.713735
2.273271
4.090817
1.262050
0.255426
3.875608
0.864465
0.742582
0.321397
7.131851
0.799285
0.876556
0.186840
4.125515
1.330010
1.795941
0.352275
2.970270
0.504134
0.477031
5.155607
3.047602
1.743293
4.270699
0.407792
2.807413
1.489335
0.052442
1.082106
0.198659
5.232500
1.800280
3.678551
1.241570
0.193053
0.004941
1.283774
0.671229
0.238145
1.320547
0.430487
2.526777
2.340048
0.354790
1.269224
3.231526
0.920505
3.415634
0.556145
1.821840
1.269551
2.601874
0.462803
0.567331
0.419919
3.251444
0.320349
0.995138
2.441218
0.903451
0.058753
2.948052
15.497659
3.390553
1.099428
0.811075
2.130542
0.505373
1.029496
1.184699
1.594249
1.084054
0.054911
0.769723
1.462332
0.139277
0.412280
0.572414
0.003106
0.901004
0.072295
1.127103
3.204870
0.171604
1.136632
0.093141
0.413714
0.864294
1.772058
0.986290
0.135135
2.396708
1.862546
0.994399
3.760515
3.053311
3.004472
2.983623
6.134355
0.806778
0.944177
1.639469
0.044274
0.801340
1.759001
0.637188
4.443591
1.718435
0.386619
3.067349
0.303910
0.838271
4.371988
1.897430
3.391331
6.827370
0.044901
4.644750
7.042512
0.540314
0.514282
2.171586
1.155449
3.360488
2.194960
2.024759
0.370152
1.765590
1.008684
0.167944
4.618542
4.111070
1.387943
0.165246
3.557748
1.014003
0.462467
3.939249
1.992844
4.193376
0.238263
0.714001
0.265297
3.391720
1.132413
0.633093
0.120035
2.162067
2.303385
5.401718
0.389958
0.284612
2.064654
4.575228
3.293108
0.005757
0.261782
1.298231
2.783193
0.741233
4.717299
0.212411
1.227275
3.402263
1.389698
1.306230
0.073996
3.363929
0.091098
0.242199
1.670636
0.891511
0.431080
3.421567
1.207110
3.448733
0.817376
0.384440
2.586918
0.132985
0.300800
0.745921
4.262147
1.984458
2.566866
0.934792
2.967250
4.076081
0.966099
0.235214
6.279741
6.169015
7.873141
1.403927
1.095301
2.194201
2.209641
2.869407
2.098884
2.319058
0.931320
2.152787
0.663638
0.182862
0.630715
1.945762
0.344877
0.882677
0.725673
3.449136
0.377919
0.481234
0.776842
1.510602
1.167600
1.201976
0.801998
0.565330
4.287936
2.734996
2.223487
3.303412
0.552881
1.119817
0.832478
2.937349
0.903101
1.003847
5.625385
8.933759
0.991814
0.398140
2.719062
0.201584
0.412606
0.943281
2.789418
0.587107
0.912132
1.005706
0.424571
1.376519
0.679467
4.564180
0.107456
0.700009
1.861614
0.370089
1.100609
0.614899
1.139653
0.745364
2.310694
0.690360
1.794746
3.237547
0.050344
11.660017
2.480630
1.003290
2.296310
0.721591
0.237383
0.651939
2.079820
1.022248
1.463678
0.623232
2.191547
0.883369
2.879109
4.678944
4.497875
0.441985
0.083648
0.559841
1.221973
1.144901
1.134621
0.616592
0.305986
0.013739
2.292280
2.143559
2.589562
0.816546
0.805211
0.003513
3.494465
3.880297
3.016548
1.616371
0.295204
0.835330
0.008414
0.225869
2.512017
1.677858
1.319088
0.222262
1.886036
5.669069
0.683294
2.521919
1.154228
1.393097
0.092657
4.306701
1.624843
0.314319
0.782770
0.770854
1.555260
1.620669
2.146506
1.193732
2.338806
0.086271
0.125674
2.847642
0.009129
0.136238
2.214052
0.633763
3.601753
3.129362
1.727014
1.666207
2.119620
0.450161
0.126168
2.128351
3.154491
0.205089
0.489264
3.175212
0.072880
5.450528
3.881863
4.849123
3.100353
2.010084
0.116431
3.494465
0.113107
0.181670
0.629305
2.755064
0.257028
1.490081
1.954283
0.308678
1.439858
2.565917
0.981334
0.758461
0.339942
1.759732
6.273149
2.847642
0.714548
1.438169
6.021251
0.907742
0.067681
0.436821
0.395043
0.000560
2.468954
1.284763
7.827940
4.003730
0.480556
1.678415
1.834177
0.578952
3.900245
0.222727
0.480352
0.307576
0.075432
1.122708
1.305006
3.582440
3.204870
0.001527
2.554808
0.110823
4.306701
5.857950
0.518095
1.680784
1.412451
1.955598
3.858009
0.015278
1.681202
3.864199
0.339880
0.072189
8.465146
0.230769
1.363790
3.124050
1.158809
2.273072
1.584350
0.088254
1.421139
0.136569
0.190143
1.584613
0.254419
0.989879
0.548352
2.389866
0.336328
0.909935
0.891511
0.324545
1.374546
0.333033
0.227151
10.247854
0.818124
0.655704
0.731580
2.279250
1.595839
4.638159
1.144598
2.387307
0.183600
0.578304
1.952805
0.491722
3.159901
0.031163
1.946579
1.340550
1.623226
0.128364
0.609831
1.677997
2.074337
0.804304
3.780055
1.413876
0.017384
1.026009
3.066708
4.595942
0.263747
3.577646
1.196857
2.619413
3.700423
5.036587
1.882570
0.727483
1.354248
0.765773
2.800574
4.006542
1.511483
0.602076
0.624267
0.182578
0.259344
1.823054
0.034535
0.303483
1.952313
4.697585
0.193624
0.354161
1.640150
0.944266
2.176272
0.087718
3.472259
0.482661
0.891077
0.076870
0.650135
3.730198
2.124890
3.435894
0.522891
2.357954
0.087342
0.048248
1.627677
0.963649
0.260533
0.390729
0.094594
0.275227
0.365269
2.931137
2.905937
0.195110
0.136238
0.439401
1.191963
0.424440
1.633495
2.077342
0.715563
5.100451
1.025068
3.933852
0.881210
1.741267
0.658118
1.863947
0.666367
0.474459
0.835750
0.107022
2.703536
1.746916
1.179117
0.944445
1.441910
1.594382
3.087657
0.716579
0.291868
1.338277
5.298385
0.673285
4.378308
0.000051
1.884303
0.095725
4.063802
0.359516
2.703279
0.166257
4.654686
1.221867
0.199290
2.763052
0.698074
0.416389
1.588303
1.027893
10.271835
0.373776
1.222820
0.275647
3.347929
0.488855
4.163424
1.992508
2.510870
1.457569
1.552546
7.678746
1.929495
4.502416
0.095725
7.931422
0.140051
0.367106
6.114298
4.105087
2.831990
2.983318
0.959392
2.033523
0.080976
4.331141
0.099284
0.868486
1.122907
0.501451
0.289083
1.204384
2.333847
0.427527
0.927855
3.904475
4.380419
4.126120
12.815263
0.917945
0.311189
0.465087
1.071141
2.366979
1.147330
0.978678
2.614034
1.737945
1.176025
2.571380
1.064866
0.091904
0.456637
3.114465
0.307821
0.788148
4.228371
0.338259
0.012508
0.612841
2.438580
2.471193
1.925776
0.887262
1.593455
0.026712
2.593897
0.078362
1.333063
1.993853
0.625229
1.898066
0.588989
2.117806
2.972387
0.481302
1.356083
5.115712
0.623380
1.577390
0.034795
0.115940
0.026247
1.929819
0.569190
1.771763
1.082301
0.891772
0.848141
1.240606
0.030282
0.166257
0.340129
1.115342
2.379019
0.373458
0.366409
1.092360
1.628893
0.539400
0.824701
0.800929
0.505304
0.006983
0.587251
0.720650
0.872945
0.055437
4.161569
0.081831
1.556812
1.820323
0.057436
1.371532
2.634171
8.498151
0.308555
0.854583
1.955105
1.484990
4.099127
0.849665
1.120813
0.636517
3.053311
3.167709
2.650058
0.831472
2.037318
2.313545
0.575141
0.506958
0.364952
1.052769
0.163786
0.860540
3.810300
1.995031
0.532595
1.693099
2.173459
0.055174
1.190404
0.092980
1.329106
0.010357
0.694136
0.229834
0.321335
4.846326
6.297448
0.258928
1.138847
1.076178
0.302629
1.133818
4.417458
0.043438
0.083167
5.963806
4.703560
0.317331
1.149761
1.697319
2.795395
0.325287
3.846209
0.724102
0.924663
1.287074
3.108543
1.403218
0.438607
4.473116
2.004656
1.150674
0.300556
0.746398
1.264764
0.394076
1.999752
3.353245
0.719866
2.573523
2.387733
1.709048
0.241964
0.194653
2.257627
3.789416
1.600749
0.825285
0.586745
0.634581
0.575069
0.017384
0.324669
0.987026
1.602078
2.646570
2.658059
3.378153
3.562053
0.589133
2.391146
1.116634
1.983956
0.338570
0.123701
2.696853
1.478432
0.661745
0.421293
1.031006
1.840457
1.984960
4.383240
0.004176
2.935572
1.627407
1.798483
0.115177
0.981242
1.402038
2.394139
5.644826
0.111203
4.991260
0.640995
4.529927
0.040257
0.262735
1.235688
3.907655
1.114051
0.510962
2.305615
0.298365
3.328330
2.413504
0.092442
2.143927
0.127760
1.285643
0.660006
2.289867
1.663997
1.222608
2.709212
3.592508
0.034275
1.019245
0.290960
3.229053
0.639426
3.777109
4.183958
0.225636
1.340663
12.031923
0.756057
0.024130
2.259205
0.558205
2.066586
0.138890
0.191569
3.490744
2.103729
0.249508
0.888995
0.759102
1.125303
2.251135
3.784975
3.355910
1.906027
1.021309
2.556458
0.779844
2.594862
2.952831
2.958524
0.009897
2.787792
0.604779
3.386280
0.438078
4.741617
0.035938
3.012823
1.841992
1.264764
2.542370
0.455367
1.376984
0.097989
0.083488
1.279823
1.202394
0.551890
0.625303
0.839786
1.441548
0.730712
1.931601
0.615635
0.616297
0.088576
0.083595
1.207215
3.079568
3.559899
1.537253
2.129811
1.660412
0.547857
0.311557
1.406882
3.842124
1.530486
0.161711
0.687669
0.960207
0.237500
0.088200
2.903032
2.665092
3.227641
1.912905
3.911904
1.229188
0.280094
0.602149
2.050495
1.044086
0.397301
1.573333
3.929009
2.944774
0.588192
1.961693
0.097503
6.475771
1.851542
0.336204
1.152806
1.811402
0.646308
4.474606
2.247213
2.002794
0.498774
0.001527
2.917318
2.340877
1.421258
0.727168
1.766471
0.546162
8.316727
0.124304
1.962023
0.404093
0.250986
0.986934
0.155893
1.351843
0.419068
2.565443
1.637159
0.741074
0.772955
0.543271
1.104847
0.611299
0.690437
2.454696
0.629082
0.855433
2.580925
2.555280
1.299673
3.720214
3.427919
1.640558
0.884233
0.059965
0.729215
4.669701
2.138964
2.401858
4.975079
1.243928
2.124890
3.516132
0.242552
2.675443
0.220751
3.140372
0.249922
2.000090
2.326436
2.679500
0.641518
0.902489
2.112739
2.822282
1.819262
2.564021
1.801029
0.204054
1.626732
1.714162
6.456076
0.400402
8.022852
0.115668
1.327752
1.827159
0.117686
2.509952
3.460049
1.073948
2.670891
1.417563
0.283105
2.410909
0.238850
0.240435
0.456437
2.770811
0.619245
0.100850
4.062055
0.035626
0.554512
0.967916
1.229720
5.655389
0.028419
3.321972
0.784886
0.069960
3.369297
0.251755
3.886047
3.322719
2.393283
1.703809
0.063290
0.000763
0.858155
1.362637
2.631949
0.191455
0.389380
5.339203
1.183250
0.165358
0.413648
4.842604
2.046496
0.793297
1.882098
2.614523
0.132875
3.301199
1.141165
0.831975
1.161360
1.932573
0.748150
3.304889
1.705931
0.810000
1.764270
1.655872
0.009181
1.202918
4.227728
3.559038
0.030749
0.749107
0.247796
1.936958
0.016356
2.921716
0.966916
1.755643
1.658072
0.100256
1.420781
0.977215
1.710041
5.294723
2.473660
0.073252
1.363444
0.231470
0.560553
0.071233
0.193053
0.778707
0.494799
3.230112
6.612480
0.645783
0.384568
0.334898
2.895790
0.603683
2.682041
1.317405
6.388920
0.072030
0.270973
0.570837
3.758089
0.504753
0.716188
2.979971
2.114909
2.815657
1.052673
1.367829
0.003004
0.915829
2.174959
0.323989
0.028160
1.528067
0.128529
3.429113
1.698868
3.724961
3.214291
0.248445
0.514698
8.346893
3.124382
1.473746
2.239202
3.066708
0.654875
1.557978
2.292682
0.598794
0.870028
0.395881
1.829902
1.197275
0.809339
3.955000
0.630715
1.132312
0.526026
4.778774
1.486975
0.203020
0.514421
2.489440
1.004033
0.031215
0.788474
0.153493
0.434773
1.447235
3.851329
0.418807
2.046670
1.199989
7.437189
0.725831
6.146506
0.378301
0.025266
0.494662
1.151080
0.769643
5.857950
0.024595
0.807686
0.269537
1.482265
1.139955
0.602441
0.347005
0.970737
5.421334
0.090991
3.111173
2.005503
1.706781
0.395881
0.172394
2.706630
1.576604
3.311924
0.454632
2.213668
3.037186
3.297884
5.443848
0.250040
2.049103
1.526541
4.557116
6.827370
3.936008
2.310084
0.979319
9.588028
6.669910
5.062900
0.392402
1.522732
0.963649
4.049302
5.594452
1.276647
2.012974
3.540211
3.753730
4.727678
2.626530
6.761414
1.229295
0.094217
0.147647
0.756938
0.252169
0.572199
4.604784
1.656285
0.820202
3.844165
1.512743
1.242748
0.088361
4.598349
0.338259
0.749107
1.963179
2.220400
0.200494
0.209640
0.372694
1.723720
2.658811
2.079820
3.261133
0.371677
5.737615
0.868143
0.019852
1.135325
1.062458
2.676456
4.691631
4.428297
3.365844
0.866945
0.044431
0.165695
1.933222
0.490902
2.785626
5.675185
1.924323
1.181389
0.061020
0.321458
4.663845
1.293582
0.476218
1.264112
0.230126
1.070754
0.169126
1.329784
3.136360
1.621341
3.415239
0.325967
0.561621
2.743680
0.890470
1.011761
0.238380
0.064453
6.032602
0.637486
0.064770
1.148646
0.187010
0.519901
1.072882
0.655930
0.411889
0.226976
0.733158
0.262675
3.052993
1.502438
0.455367
2.972085
0.409742
2.864010
1.048374
1.011201
0.698074
2.196669
0.152657
3.816315
6.084659
0.604194
3.808799
0.185532
2.580207
1.208370
1.012695
0.905113
0.392209
0.378365
0.837094
12.707698
0.100310
1.241570
3.969250
2.463370
1.388645
0.512137
2.075220
3.572866
3.591630
1.901405
0.768836
0.233282
1.864881
0.240083
0.556855
0.691900
3.165669
0.379898
0.440461
0.263747
0.189573
1.184492
2.422401
0.301287
0.564188
5.400419
0.674580
0.011484
0.386427
1.815478
1.008125
0.196140
0.051288
0.320164
2.769471
3.399523
2.491027
0.730397
1.424005
0.009283
0.099500
1.211208
3.004163
1.858043
1.780919
0.169858
1.015125
0.482796
0.004176
1.404281
0.405909
0.623232
0.331791
2.809058
1.408302
1.984792
1.283884
1.843682
3.531722
0.391501
1.125803
3.410115
0.997079
3.494879
1.692678
0.210505
0.427395
0.453697
2.266124
1.052386
1.098838
1.725008
2.119801
2.506287
0.741709
0.061125
0.326400
0.929365
1.436964
0.284009
1.745031
0.047463
0.356049
1.932087
0.122223
0.689668
2.063250
0.479199
1.656285
0.200035
0.934080
2.509952
1.356887
0.157457
0.687054
0.343876
5.617968
3.192736
0.902227
3.051088
0.667961
2.438360
1.982451
2.484239
1.985294
2.203333
3.588999
0.263271
0.407012
4.633233
5.451867
3.344520
0.192368
0.776680
1.267808
3.902888
1.632818
0.575644
0.601419
0.420639
0.225403
0.740598
1.265524
2.758255
3.377767
1.903316
2.595344
2.456472
1.396033
1.047707
3.361252
6.562172
0.762876
1.199780
0.351709
0.400596
0.554512
0.471757
1.407237
0.523796
2.127258
1.274460
1.707347
0.054595
0.311128
7.551233
2.930252
4.771632
1.784773
6.414981
0.342564
3.225526
0.098097
0.113978
5.321764
2.248977
3.244303
0.167606
0.363497
0.385914
1.042089
1.720147
0.530985
0.620425
1.769262
0.092066
1.811402
1.627272
0.467644
2.478378
2.662325
0.029920
1.558496
0.407337
0.757820
0.279612
0.156228
3.258256
3.628456
0.223483
5.087481
2.657057
4.090225
0.438408
4.221953
1.118125
2.000597
0.734264
4.319555
3.552596
1.837237
4.075494
0.269776
1.803428
1.347271
2.901291
5.319288
3.004472
1.250701
1.186771
2.805769
0.759985
0.299643
0.705902
2.390293
0.136128
1.546489
1.421497
1.493691
1.346130
2.230453
0.208141
0.510132
0.454565
2.391787
0.541862
1.921904
1.071141
5.350511
2.544475
0.971557
1.889668
0.057699
0.279191
1.448690
0.822534
3.152467
3.270878
0.031578
0.840965
4.190859
0.416585
1.972289
1.835247
1.116335
1.333629
0.064347
0.610198
1.319761
1.075790
3.421567
0.466163
1.646558
4.387479
0.622049
3.674857
2.134747
2.418489
2.559526
1.037533
0.305925
1.123306
2.282248
0.414953
3.074412
0.062234
0.345315
0.579528
1.199989
0.169801
1.292588
0.768997
1.945925
5.055490
0.092066
4.127935
2.719842
0.539470
0.499597
0.335395
0.174652
3.661532
1.492321
1.949362
0.037289
4.030352
2.572570
0.935327
1.177673
0.619908
0.225752
1.127203
5.751990
0.578520
0.259998
0.681915
0.738378
1.193940
3.349067
0.942475
0.216170
1.375474
0.363180
1.094712
0.874234
2.233947
1.271295
4.785048
0.764485
1.184285
0.407402
0.139443
3.646045
1.932736
3.578952
0.470475
1.549708
2.398423
0.710959
1.662065
1.315164
0.773036
0.146314
0.345189
0.425818
0.716892
4.089633
4.864121
1.395681
0.779032
6.797066
1.015592
1.052004
1.627677
1.660687
1.338504
0.761510
1.029967
0.460924
0.321027
1.759147
1.434076
1.857423
1.055162
0.493910
1.464903
0.710258
3.303781
0.548776
1.239535
1.620803
0.747832
7.446031
0.478792
1.153110
2.467836
0.037029
0.292414
0.592977
0.114523
0.317639
0.503652
0.778707
1.580801
1.387007
8.566187
1.016528
1.138947
1.419231
3.101334
2.341084
1.660687
0.714860
0.281057
0.726774
4.029781
0.521430
0.259760
0.088951
0.140992
0.309351
1.449297
0.385721
1.451847
2.023388
0.161879
1.919328
0.110225
1.794746
1.417206
1.202813
2.734734
1.525397
1.778108
0.692439
2.249369
1.718720
2.184930
0.488514
0.638158
2.343157
1.016903
0.209524
4.276646
0.768110
0.502895
5.339203
0.106371
2.042507
2.442319
1.279714
0.066410
1.580276
1.796987
1.830970
0.706368
0.537784
3.674857
0.901004
1.062651
1.787298
2.480855
2.248193
0.765290
7.195458
3.599988
1.775744
0.532805
0.277869
0.440925
1.417087
0.217793
0.737745
2.061322
3.126040
0.499803
3.085712
0.488378
0.283708
1.855718
0.121675
2.044414
2.729755
1.046562
0.309229
2.986978
1.279604
2.695315
0.020676
1.073657
4.972062
10.842312
2.353772
0.590873
0.231645
0.083809
0.361410
0.206873
1.370489
0.454431
2.406377
0.466365
4.451658
0.181727
1.317966
3.264735
4.285273
0.963830
0.209986
3.060315
1.447356
1.460254
1.446387
0.083702
0.682911
1.934845
1.603009
1.214578
0.635921
0.354853
4.603173
1.242963
9.509766
0.463139
4.067301
0.037185
2.697110
0.455501
2.709471
0.758220
2.414586
0.494115
0.749505
3.195502
2.817035
1.328316
0.382071
0.006574
2.686114
3.248584
2.396493
0.118778
3.005089
2.215204
0.318377
2.188897
0.124304
1.605273
5.160100
1.063036
1.095694
3.181376
2.618189
1.380124
2.282848
0.837262
0.603463
0.301531
3.108543
0.915388
0.192653
1.116335
0.989142
1.301448
0.093141
1.124005
1.912744
3.087332
4.557116
0.152935
0.846027
1.163505
1.373850
0.669860
1.135124
0.285699
1.184078
1.265742
0.923512
2.465825
0.839870
2.673165
1.058134
0.394979
0.067999
5.072476
3.182062
0.458043
0.653444
0.577801
0.635921
0.325287
0.230301
0.342439
0.490971
3.893394
0.301348
4.478338
5.230153
1.030345
0.099824
3.789416
0.186498
5.188455
1.222185
0.752219
0.172620
6.154656
5.363166
0.129573
0.543976
0.488173
0.784235
4.880206
1.955598
2.622354
3.285787
3.871969
0.961746
0.285578
1.480162
0.624341
0.466433
0.320410
1.519058
0.004584
0.603536
2.261376
0.455434
0.584938
0.052285
6.034501
1.586062
0.107944
2.538399
0.830384
3.284326
0.469126
0.288599
0.869685
1.623900
2.912348
6.639581
2.393925
1.317293
2.035765
1.228657
0.400726
0.277989
1.041709
0.172338
0.210794
4.414579
1.075887
1.615968
0.332288
5.846027
0.661821
0.327143
0.095294
0.064294
0.077509
0.518720
0.073890
0.746080
0.101391
2.332403
1.454888
0.044640
0.853989
0.280876
2.407239
0.617328
0.166875
0.726145
1.485610
2.528399
0.391758
0.616076
0.340566
1.281688
1.282127
3.716426
1.954612
0.845520
0.791252
0.881469
0.092550
0.900829
0.831556
4.478338
0.942833
1.304672
7.187847
9.756522
0.934169
2.496250
0.380409
2.816208
3.652405
1.888562
1.516150
1.274679
1.007846
1.341687
0.063554
1.908423
1.627812
0.308249
4.623424
0.765531
1.190404
0.708079
3.250728
0.720963
0.054963
0.512552
5.311880
1.317741
2.294092
2.972690
0.533575
0.151821
0.094702
5.135540
0.523796
1.221549
6.664355
0.096803
1.796688
0.441853
0.517887
1.978612
4.853796
2.087811
6.166956
1.541480
1.749674
2.144111
0.700396
0.034172
2.072220
6.821265
0.154944
1.692818
0.019904
1.067952
3.809299
0.031733
1.157892
4.408121
0.613429
2.890019
3.691081
1.678136
2.019454
1.953298
0.819786
0.180876
1.731895
0.205204
0.941579
2.237059
0.522961
0.321890
3.848767
0.138337
4.255598
0.938450
2.482433
2.031285
2.884268
3.313037
1.991331
0.870199
4.046417
0.342626
0.926436
2.156864
1.681899
0.764646
1.661238
0.931765
3.474303
2.126164
0.011432
0.058331
2.271481
0.820452
0.332412
6.915275
1.031761
1.478432
0.767626
1.275991
0.066727
0.958127
0.504134
6.991120
6.669910
2.136579
0.168788
0.637486
2.183986
0.977946
0.862586
3.277407
0.112182
1.099625
0.777004
0.077935
0.341252
0.454231
0.641667
3.573734
1.924000
1.412807
0.433849
0.402927
0.261425
3.938168
2.933501
0.768674
1.369217
2.911180
0.301105
0.575788
0.630270
0.026299
0.308555
2.331785
4.553205
3.623529
0.259998
2.163371
0.660157
2.172523
1.926745
1.270422
2.171212
2.252314
5.612058
3.029026
0.143041
2.493069
3.546178
0.175895
0.108758
0.255782
0.014713
1.418159
1.039050
0.634135
3.219197
0.946149
0.307699
3.827905
0.736083
0.270195
0.931231
1.825182
0.195568
1.878798
1.780770
0.081350
0.574782
1.380707
1.052769
3.854923
2.232199
1.468704
0.319239
3.685965
0.298122
6.169015
1.012788
0.702953
6.013727
3.233295
0.944266
4.166519
1.704233
6.146506
3.188596
4.094967
0.234102
0.639202
1.555130
1.523747
0.655026
2.096556
0.604706
0.744330
4.127935
0.023769
0.203479
0.087235
2.341498
4.365692
1.539557
0.756137
0.180990
0.260533
2.451815
1.447114
2.449380
2.694802
0.045632
1.243714
1.516024
3.774169
0.614017
0.179913
0.506820
2.347728
0.096856
0.396720
3.382018
0.247029
0.566830
0.947316
0.579024
0.116104
1.035828
0.575141
2.367400
9.494546
0.776842
1.025915
1.500310
0.817542
2.477703
2.253886
1.820626
0.610712
6.284150
0.327762
0.937915
0.226976
0.200322
0.218082
0.174821
4.512298
0.592686
1.604740
3.237193
2.110031
0.895685
4.695030
1.630246
5.931338
2.127804
1.656147
0.669176
2.310084
0.028212
3.417609
0.281237
2.872540
1.467109
1.351614
2.077342
6.767303
1.601280
3.419587
1.755935
0.245909
0.714548
2.462701
1.678972
0.441786
1.630516
0.280274
0.308310
1.750401
0.191683
0.188320
0.478453
0.241317
3.320107
0.084504
0.588482
3.394057
1.176128
0.239672
0.713845
2.509035
1.862391
2.172148
5.723363
1.776925
0.005043
0.691130
3.267623
0.411759
0.753737
2.807413
1.680087
1.846760
1.271186
0.301653
2.104988
3.360870
0.108595
3.291641
3.035614
1.994694
1.269115
4.393148
0.195339
2.288662
4.364296
2.052759
0.237793
3.160917
0.689821
1.572941
0.179799
1.679250
2.192684
2.070281
0.853055
1.677162
5.795873
1.261291
1.636480
0.123646
3.024336
3.143723
1.264112
3.963755
0.533085
3.589437
3.217093
0.472635
1.250378
2.005672
1.103565
1.985797
1.035354
0.293809
5.103710
2.402933
2.164302
0.603756
2.109851
3.835507
0.013328
0.978221
0.354538
0.529657
0.152545
3.636100
0.004074
3.301936
4.229014
1.398386
0.985188
6.957719
1.011481
1.058038
1.529467
2.868838
0.864721
0.310331
0.119543
0.101823
2.058346
0.710414
2.928482
0.444175
3.559469
1.544818
0.240905
3.320853
6.374875
0.974748
6.902429
6.160794
0.839954
2.217511
0.102472
0.195739
0.431871
1.301337
1.825638
0.884146
0.822200
1.559273
1.530868
3.414844
0.433189
0.837262
0.981517
0.721904
3.231880
7.008075
0.425096
1.023657
3.714063
1.996210
4.482077
3.379311
3.379311
2.467836
3.225879
0.360210
7.477352
4.987200
0.385144
0.000661
1.086688
0.611078
8.309269
0.068051
0.448430
0.331419
1.639877
0.654875
12.176942
1.243499
0.397172
0.199060
2.407024
1.358725
0.020470
0.872001
1.754768
0.016613
0.053177
0.120417
5.198782
3.363929
0.384504
0.223599
1.501561
3.865750
0.292656
0.774412
1.802078
3.383954
0.006013
3.385117
0.660989
1.993517
0.218314
0.902052
2.568765
1.242963
1.039145
1.579357
1.055545
4.144973
0.471284
1.365750
0.500764
0.195625
1.497309
3.354767
3.948464
1.719433
0.068846
6.902429
0.775545
0.344564
0.854329
1.156772
0.651714
4.848190
4.668026
1.090402
1.123306
1.032706
0.688898
0.973836
0.184679
0.303056
0.916181
0.123865
0.265953
1.223350
0.180309
0.486470
1.574640
0.164628
1.202499
1.260099
1.182009
0.926879
2.869692
1.426038
2.982405
0.006676
1.743148
2.402288
0.387132
0.389894
1.580407
1.016715
0.899083
1.432153
4.260180
0.127101
1.394388
0.393947
1.214999
1.339299
0.119270
1.952641
2.072043
0.586383
0.338446
0.653519
2.761718
0.362295
0.671229
0.156004
1.843221
2.802213
3.770256
0.167325
1.878013
0.713689
2.213860
4.381124
0.167888
0.959392
0.215591
2.022703
0.547080
0.926879
0.659024
0.343501
1.932898
0.317823
1.420900
2.808510
0.353092
10.132866
1.411383
5.600300
1.753020
3.245372
0.721826
0.638680
0.362106
0.732764
1.655872
1.766471
0.391758
1.828225
0.860966
4.359420
1.086102
5.866519
0.018463
5.871682
1.045038
1.174172
0.764565
1.791167
0.342501
2.779145
1.524128
3.600429
1.754623
0.528399
2.584998
0.356931
0.724023
1.320098
0.096803
0.869514
2.283449
7.230141
2.013655
0.176064
0.404223
1.611548
1.524762
0.492816
1.079285
2.789961
1.546746
4.953083
3.767328
0.359201
0.276187
0.868571
1.931114
4.552424
2.636396
0.555719
1.018027
6.577895
3.470218
1.157790
0.138337
0.661065
0.139996
1.098149
0.691438
4.620168
0.109356
0.265595
0.709246
0.816546
3.496536
1.113555
0.306659
3.071840
0.930609
0.148092
1.778403
0.987854
1.834177
0.873890
4.583961
2.246039
2.282848
0.430751
1.250916
0.293809
3.074734
0.007034
1.384554
0.532245
3.661990
1.453914
0.137950
2.444082
4.129753
0.068369
2.992483
3.461672
0.424834
0.068157
1.729740
0.433849
0.208544
1.207530
1.983287
3.101661
0.840375
0.081297
2.496932
0.441985
0.725045
2.450929
5.105886
0.593194
1.057559
0.264820
1.553321
0.158855
1.314380
1.045229
0.646533
9.556281
1.051334
0.837178
1.532653
1.136532
0.725202
0.967916
3.284691
0.056489
0.518373
1.777516
1.901246
0.274627
0.488582
0.963921
2.558346
0.907742
3.515294
2.445625
2.068345
0.597775
0.027384
2.119438
1.722576
1.260858
0.171717
1.502814
0.796247
0.169295
1.271731
1.267482
3.630701
0.927944
1.271840
4.303334
0.966281
3.384729
0.073092
1.081230
2.590043
0.097126
0.017435
0.557352
0.670164
0.510063
2.075750
2.194580
2.408102
0.663865
0.703418
1.506703
0.322384
0.485925
1.556165
0.289325
0.085146
0.105937
1.145205
2.112559
0.273128
0.035522
0.049139
0.563831
2.390933
2.757190
0.179573
3.458023
0.443909
2.164675
0.440328
0.296419
0.668492
1.355854
0.765129
4.530698
0.648033
0.253827
1.193003
0.149816
0.614531
0.593412
0.731343
1.476580
2.192684
0.283768
1.834024
0.395559
1.347385
1.117528
1.647104
0.818290
0.114632
0.322137
3.135025
0.052075
2.616722
0.733237
0.552244
1.835553
1.042660
0.777977
2.380291
2.174209
1.303226
0.202330
0.713143
0.673361
0.417761
2.957923
0.511376
0.885098
0.949743
0.052390
1.396268
1.255771
2.541435
1.331479
0.677174
0.405325
3.626215
0.788066
1.311473
0.349575
0.205032
0.694058
0.849326
0.556926
0.303605
0.481099
0.539119
0.982067
1.025821
1.439978
0.103987
1.632547
2.904484
0.545457
0.088307
4.325679
0.971374
3.114135
0.326648
3.052358
1.166166
0.350140
2.185118
4.220673
1.428913
0.967371
0.684981
2.198000
0.209005
0.502208
0.840375
0.929987
0.237441
2.409181
1.939887
2.569003
0.903451
1.723005
0.801340
0.116486
0.816131
1.464535
0.290536
1.220068
4.245823
1.403927
1.866594
3.503598
0.452161
0.310392
0.090776
2.107868
0.413909
0.881210
1.941843
6.607113
0.378812
0.600252
0.000916
1.291815
1.819868
1.709474
0.918298
0.227267
2.641103
0.299886
0.619466
1.135627
0.920682
1.781511
7.441604
0.200322
0.504409
0.177818
1.896637
0.594066
4.218754
1.064480
1.165961
0.126717
2.056948
0.491176
0.556003
1.581326
1.670081
0.591308
0.790189
1.744451
1.528958
0.139885
0.462400
1.671052
0.560696
8.054479
5.503572
0.053440
1.628758
2.168034
1.022342
1.466251
0.865234
0.786516
1.449175
3.534264
4.653026
0.610125
2.990952
0.126278
0.485108
0.975479
4.266747
0.201527
2.671648
0.037550
3.252160
0.620942
0.240729
0.926968
2.951037
1.450632
1.316620
0.345878
1.420900
0.434311
0.147870
2.324793
0.978861
1.533802
6.870743
0.191512
4.145585
1.009336
4.299975
3.281774
2.223487
0.808264
0.214550
3.139034
0.940148
0.297513
1.968805
3.957185
0.875179
0.644959
0.579816
3.281410
0.737507
2.830878
1.029684
0.682835
0.309596
0.277989
1.814118
1.171190
0.175499
2.396279
1.185735
0.669100
0.823367
0.030282
0.146370
0.939612
0.110605
2.094947
3.681327
0.242493
0.227209
0.746478
0.723238
3.068310
3.446720
0.203652
0.746637
0.495141
1.260749
2.207153
2.904193
1.646831
5.289853
0.728821
1.961693
1.286413
1.592133
1.029024
0.903101
0.804551
1.223456
3.613717
0.715407
0.185418
0.899258
0.330675
6.288571
0.564830
3.437894
0.375304
1.347613
0.363750
1.218905
0.511238
0.035314
3.419191
0.284673
1.952477
2.116176
3.222359
5.098283
0.197571
3.353626
1.755497
0.933990
0.756057
0.481506
1.191963
1.087860
0.631904
0.216112
1.706922
0.225869
1.059478
2.239982
0.915036
0.449628
2.036800
1.364135
2.240957
3.997561
5.546974
1.198214
0.010101
2.446729
0.516084
0.742979
8.004161
3.414055
3.398350
1.420423
0.055437
0.946149
4.468654
2.220593
2.160765
0.238028
1.186668
3.932236
2.025102
0.306048
0.480148
4.367089
1.393449
2.737097
1.559144
0.286484
1.516529
1.762073
4.454602
1.405345
0.634581
0.674428
0.532105
2.028878
1.147330
2.982405
0.499185
0.978678
2.148721
0.369898
3.209748
0.129133
0.154776
2.880254
0.821784
1.511735
0.209294
0.046051
1.836778
2.425668
1.264981
0.331109
1.208055
2.982405
4.140088
0.067151
1.554225
0.928743
4.090225
1.382105
4.051613
1.498559
0.030490
3.797838
1.604607
0.883023
1.414470
2.346688
3.181719
0.359390
0.104204
4.169620
0.106696
2.098347
0.574638
0.113325
0.850766
1.003475
1.364020
1.807786
4.647228
0.569190
0.802245
0.194596
0.140660
1.900609
4.132786
3.832969
8.839096
2.079466
1.634851
5.429246
0.916093
0.097126
0.621680
5.022030
2.043027
0.504822
0.173805
1.884775
0.780819
0.777166
1.026385
0.848564
0.233282
0.681686
3.513199
0.376197
1.513248
0.278109
0.481642
0.334027
1.695911
0.528818
1.561219
1.726011
1.677719
0.279973
0.500902
0.094217
1.223774
1.238359
5.054434
4.478338
5.218465
0.438938
0.236972
0.948125
1.041614
0.423849
4.154788
2.980275
3.442702
1.475471
3.168390
1.554096
4.132179
0.203307
0.094648
0.754057
0.672752
0.833149
3.337724
0.652993
0.603536
3.239322
1.269006
1.389815
1.459522
2.561654
0.193339
2.425232
0.265834
2.091732
0.147258
1.770291
2.146322
0.441654
3.630701
3.553025
0.064876
1.591604
2.995855
1.329784
0.204974
0.568618
1.657522
0.173127
1.134521
1.440582
9.308372
2.505601
1.885090
2.053980
1.295684
0.911868
1.946252
1.258908
0.991907
2.289666
0.091260
4.807650
0.171266
3.678551
0.105179
1.095301
0.335333
0.856453
1.781511
0.032252
0.989787
0.914155
2.607943
0.159359
1.639197
0.479063
1.472269
2.466495
1.819717
0.047097
0.284552
1.510727
3.106902
2.401213
0.913451
1.087567
3.607946
0.848226
2.430471
0.216344
1.591472
0.284974
3.658332
3.146744
0.653294
3.452362
1.820020
0.757820
0.776761
1.299673
0.859858
0.832394
0.286967
2.513395
0.607706
1.769997
0.063448
0.991538
1.121411
0.321952
0.566402
0.251045
0.902926
0.795755
2.083012
2.210982
0.129243
4.441397
6.249199
2.492615
2.189464
2.725835
0.506682
3.262933
1.762658
1.363790
0.739884
2.387946
1.442273
0.480488
2.322743
1.272495
0.670621
0.001527
2.945072
0.517609
0.806778
1.748948
2.538633
2.341498
2.295503
1.093732
0.605876
2.480179
0.014918
1.108701
1.911623
0.370406
3.307848
0.231821
0.743059
1.824877
7.902026
0.171435
1.475840
0.013072
1.645602
6.417370
0.453363
0.348321
1.729453
0.757659
0.811241
4.521473
1.251347
0.673742
2.250350
2.657558
0.077882
2.429159
1.302337
3.417609
0.003207
1.205746
7.187847
3.329079
3.516971
2.810431
2.694802
2.368664
2.194201
7.599129
0.084504
2.481306
0.325349
3.283597
2.364245
3.205914
2.800028
3.231526
1.057655
0.812565
4.285938
0.551748
0.611372
0.820618
2.671143
2.131820
1.711461
3.431902
1.259774
0.066727
5.804128
1.507206
1.579882
4.879256
0.129078
4.615294
0.364952
1.570981
0.155334
0.189687
0.711349
0.513313
1.253828
0.860199
0.246911
0.590873
3.994764
2.249173
4.449454
2.543773
0.048929
0.325102
1.956256
4.126120
1.221973
1.709048
1.834483
0.707612
2.309677
1.488713
0.584216
3.082476
1.914348
2.826436
1.788933
0.569119
2.510411
0.201584
0.717831
1.027893
1.265307
0.059490
0.161935
1.352530
2.307239
0.984820
4.675577
5.368255
0.260949
0.185247
0.899083
0.358570
0.742423
6.546596
0.978861
1.247687
8.655335
1.247687
0.788882
0.427987
2.318035
1.716297
0.030282
3.804805
0.528748
1.221867
4.598349
3.846209
2.495795
0.192082
4.828719
0.584649
0.150206
0.918386
0.120527
0.606095
0.236855
0.827540
3.383567
2.230259
1.289387
1.085517
0.934703
0.764485
0.781550
2.738938
3.826388
2.112017
1.856648
6.154656
3.671170
0.431871
2.687644
0.628192
1.496935
0.523170
0.578808
2.539800
5.552657
6.617865
0.405260
0.436557
2.735784
0.830133
1.879740
0.478657
0.175556
2.674936
1.394858
0.644136
0.936397
3.366994
0.236034
1.108305
3.090903
0.932299
1.011855
0.505166
7.767726
0.957675
1.028364
0.014970
3.604405
0.103284
1.230784
1.098444
0.239202
0.756458
0.532945
2.492388
6.225588
1.429153
2.079820
0.798710
6.363261
0.766014
0.362611
1.458179
2.139698
0.308861
0.882764
3.999801
0.708701
4.407405
4.568118
3.106246
0.488378
0.697069
1.002640
1.307790
3.412084
6.074896
0.453563
2.280449
2.397565
0.534696
0.013892
1.618384
6.069065
4.581574
2.049451
2.421531
4.342808
1.417921
0.723395
0.095402
2.136579
0.345127
1.175201
1.477197
0.366599
0.822034
1.128904
0.927589
1.369911
3.118755
4.392438
0.766095
6.088581
4.173348
1.922065
0.984820
4.055666
5.506338
3.179319
0.838439
1.705790
0.518859
2.860327
2.649809
1.820171
0.136018
0.101012
0.198029
1.111968
2.032834
1.935983
0.704504
1.226320
0.279432
0.961746
1.228231
1.157077
0.542496
0.185134
2.221171
0.441853
3.619508
0.100364
5.472086
0.060650
2.784003
4.685698
0.731501
2.035592
0.806283
0.204687
0.508544
0.731895
0.546021
7.385102
1.831733
6.223458
0.438144
2.375842
0.516569
0.084825
1.319873
2.243691
4.464204
0.126552
4.222594
2.620883
2.214436
0.663411
1.143487
0.025008
0.580969
2.266916
1.797436
0.463273
1.641920
0.350516
1.224516
1.074432
0.482117
0.101283
1.356083
2.805495
2.288059
1.034597
0.833903
0.017743
1.113456
3.797838
0.325287
0.395301
2.494886
2.149090
1.221973
0.002290
0.161935
0.589641
1.088935
0.683524
1.868934
0.167663
1.333969
1.010175
0.273907
1.953462
0.217851
0.760868
1.009896
3.929546
0.811324
0.026092
2.051540
0.002800
0.268162
2.007876
0.687899
0.448563
1.286854
3.221656
0.184679
1.687630
0.074209
2.548695
0.550827
0.693981
3.618170
0.941400
2.002963
0.674504
0.309045
2.744736
3.495708
4.583961
2.603814
0.224181
5.070343
3.690615
1.416254
0.557139
1.671190
0.772874
1.495063
2.345026
3.730198
2.525156
0.307943
1.138645
1.627542
1.841838
1.101101
5.300830
5.396526
1.612752
0.595301
2.809882
1.210682
0.981976
2.331167
1.023187
0.405909
1.272276
1.851079
4.032066
6.281944
2.016723
0.874062
0.371041
4.543078
0.798710
1.759878
2.845678
0.977581
1.134521
0.310392
0.735371
1.401684
3.278134
5.856242
3.659246
0.551323
1.066601
3.109200
0.425030
0.156787
1.131309
2.391574
1.581064
0.615708
0.606095
0.124578
6.536292
2.014677
1.077633
0.015175
0.647658
2.004148
5.538485
0.969280
0.630789
4.432652
0.892901
0.711661
2.390719
0.504202
3.823360
7.902026
5.061840
0.156060
4.331825
0.480013
1.295352
0.150150
0.135411
0.142321
0.049086
0.214318
0.211082
1.470178
1.007008
1.448083
3.916697
1.690853
0.748708
2.743680
5.106974
1.343508
1.918041
3.339986
0.020573
2.446067
1.448083
0.755257
1.046562
7.446031
3.451151
1.343964
4.473861
2.470073
0.253767
0.863355
3.533840
0.084718
0.134418
3.903946
1.675077
1.141770
0.398722
0.537854
1.451239
0.535398
1.453184
0.710025
4.938251
0.152991
0.961746
2.519150
6.344844
0.027333
1.560570
0.817542
3.222359
0.209640
1.417801
0.494799
0.430092
0.476557
3.595584
3.582440
1.772500
0.129793
8.408916
0.096318
3.106246
2.328080
0.169407
1.981950
0.014200
0.443644
0.152768
0.773764
0.333779
1.864413
0.395946
2.103190
3.260773
3.924180
1.200616
1.019526
2.529559
1.008871
1.877228
0.534977
0.415018
0.094432
0.686747
0.415149
1.565507
0.261842
1.126103
3.955000
3.163631
0.598139
0.079855
0.333717
0.292535
0.153047
0.296602
1.207635
2.586678
0.559485
0.947137
2.833103
0.965191
5.894240
1.239642
3.733062
2.500121
0.894814
0.741312
0.536169
2.788063
0.517748
0.956501
1.644373
1.344305
8.048105
0.822284
1.033368
2.251135
0.067416
0.746637
0.778951
0.031526
2.009744
0.612400
1.190404
0.817210
0.226277
2.772689
1.195711
0.544117
1.102677
1.153009
1.600350
0.165864
2.009574
1.860992
0.317331
1.380241
2.589081
0.406039
0.499666
2.251135
0.369771
0.876470
1.705365
0.033082
0.340192
2.070281
2.539800
5.917108
1.685951
0.231236
0.225636
0.796493
0.752938
0.481845
0.762233
0.600908
0.561479
1.301004
4.361508
1.167497
1.181183
0.004278
0.766095
0.184111
2.238422
2.487177
4.890698
2.652055
0.063924
2.638624
0.051183
1.009336
0.686286
0.138392
1.542121
1.162279
2.196479
2.344195
1.425919
3.366227
6.899234
0.853649
0.182691
3.425932
0.426212
2.872540
1.842760
3.892342
0.653670
2.937942
0.168450
0.385529
3.500686
0.231178
0.507165
1.729597
0.610125
4.229014
1.995873
2.478603
0.033756
0.531195
2.710505
0.100310
0.201986
3.916697
3.816817
1.540838
1.438410
0.970464
2.939425
0.403250
1.074432
2.296713
0.682452
0.274507
0.113924
0.942206
4.381124
0.864551
0.706446
0.195053
0.993014
3.148089
5.306960
1.276866
0.145703
0.200723
5.715498
0.305131
0.008158
1.197483
0.956591
0.590003
0.814803
3.510689
0.603829
0.614605
0.003972
1.722290
1.185424
0.290172
0.222204
0.031474
3.114135
2.078049
4.924525
1.507834
1.180769
5.516057
0.476624
0.460723
2.651306
2.656055
1.183664
1.572810
5.341709
0.701093
0.395365
0.216286
1.657109
1.295684
1.290601
2.290872
2.975113
7.150308
0.335520
1.020089
0.043543
1.921743
1.104749
1.821081
0.281598
2.437921
1.699009
1.162279
0.321458
2.727402
0.286665
0.586962
0.028160
2.426758
0.669024
0.115014
1.049997
0.513659
3.706054
0.828878
4.497119
0.264224
1.600616
1.166166
1.314269
0.059543
0.113271
4.464945
1.506703
4.254292
0.343376
1.364943
2.260389
0.835834
0.015432
0.917239
8.041756
1.502563
0.253234
0.189060
3.648768
1.173246
0.544328
0.120308
3.902359
1.802978
1.046562
2.324178
1.133717
3.302674
0.617328
2.765991
2.482208
0.010255
3.375067
0.617697
0.617402
1.590811
0.978953
0.453296
5.259736
0.288781
7.347077
0.297757
0.502001
2.445625
0.676869
0.843663
0.683984
0.944177
8.316727
1.138645
2.315789
0.503514
2.096377
0.983443
0.649835
4.525310
1.302226
0.818872
0.725280
3.884477
1.392042
0.374604
0.424571
1.002547
0.219532
2.778337
3.293108
0.398140
1.645192
1.363328
8.880506
0.412801
2.453587
1.061977
2.176460
0.192482
0.617476
2.543539
0.721120
1.323583
0.276067
1.312479
3.464109
1.116236
5.792583
1.877228
0.528539
0.697224
0.065563
0.557708
3.368145
1.852624
1.368176
1.620534
3.370065
1.099723
0.245732
1.144598
1.102382
2.174209
1.806733
1.165756
1.648061
0.164516
0.622197
3.847743
1.717722
1.907145
3.558178
1.136230
0.070544
1.867530
0.310392
0.732527
2.092267
1.418754
1.666898
2.178151
1.493940
0.195110
0.049715
5.779485
0.378301
0.906427
0.553803
3.112160
0.232464
1.393919
0.493910
0.128694
2.714648
0.056804
1.940376
0.852377
1.609944
0.463206
6.661584
0.155781
3.056173
2.145401
0.155446
0.301897
0.494252
0.020058
0.349638
0.466433
0.120691
3.399132
0.829965
0.581690
5.779485
4.523774
0.335582
0.347569
3.390553
0.769400
2.859762
0.757339
0.556287
1.699714
0.915741
1.058710
2.614278
5.612058
4.680630
0.589568
1.431913
1.501561
2.279850
3.729722
1.159727
0.972650
0.110333
0.269178
1.951493
0.441853
4.948124
2.285652
0.142099
2.014847
0.051393
2.512936
4.464945
6.120290
2.371405
3.980295
2.116719
2.074161
0.722689
0.831137
0.976667
0.186555
0.312048
2.950439
2.389439
0.672675
2.279051
5.461272
4.999410
1.311138
0.292899
0.817791
0.274507
0.017641
0.056173
1.208580
3.507765
1.077245
2.523306
1.598093
0.450161
0.742820
0.911429
0.611225
3.188941
3.330955
1.588435
0.625969
4.992277
1.547776
0.272529
3.257179
1.398386
3.056491
1.653676
1.212576
0.774169
4.002045
1.244572
3.511525
0.059754
5.416081
0.799531
3.354387
1.801179
1.416611
0.633763
0.094755
0.375878
0.717048
1.563817
2.941800
0.755817
0.184509
1.270422
2.147613
4.944168
2.028019
0.367233
2.732898
0.180026
0.323619
1.462332
0.883109
1.025727
0.340566
1.225152
0.202732
1.627137
0.973197
2.662577
0.479945
5.842636
0.326957
0.272709
3.069914
0.458110
0.457976
0.660989
0.538767
3.613717
4.445055
5.136649
1.425321
1.698164
0.303117
0.934169
1.501561
0.547433
0.106154
1.336802
0.014508
0.104800
1.233874
0.198774
0.906602
2.412638
5.025139
0.292353
0.919710
3.303781
1.723005
0.308433
0.000509
2.223680
11.403099
2.771348
0.075645
0.988222
0.165358
1.422213
0.867886
9.904767
2.409613
4.416738
0.514282
1.435158
2.258416
0.511514
0.366472
2.316197
6.214966
0.624489
2.390506
0.092281
2.061672
0.571195
5.830822
6.057464
0.904063
1.027422
1.045134
2.505601
0.367804
0.700086
2.450044
0.292899
1.983621
0.577369
0.922185
0.334214
0.340254
1.785367
0.825035
0.993568
3.346034
0.459784
1.260532
0.068952
11.356148
0.567974
1.279275
0.192197
5.103710
2.066938
0.221564
1.765150
2.453365
2.417187
3.365844
0.906690
0.684368
4.251681
1.086200
0.857984
2.339841
0.206125
4.200949
4.073735
0.016356
0.222959
0.274687
1.938259
1.255663
0.530635
3.748901
9.321978
2.106787
0.350956
0.410783
0.443179
0.125016
3.119085
0.664092
4.857543
5.777855
1.406882
0.783421
2.484465
2.052411
0.548564
1.685811
0.548281
4.268063
1.720718
4.227086
0.200264
4.513061
0.795100
1.250378
1.176025
0.271751
0.932477
1.581195
1.338959
0.203997
0.390086
0.598649
0.453763
0.528469
1.848147
0.840796
2.033696
0.114523
0.779194
0.023563
1.988478
1.047897
0.614605
0.017127
1.888878
1.135124
1.850924
1.222714
1.434196
3.311553
0.635102
1.052769
1.659998
0.651187
0.206067
0.829547
0.588047
2.652555
4.153558
0.889775
2.047538
3.810800
0.712675
2.088701
1.605806
4.961048
0.309841
0.717205
0.710025
0.093141
0.856538
2.303588
1.706214
0.743694
4.612053
2.281248
5.649345
0.117631
3.344142
1.088055
0.320102
0.623823
0.426869
0.027798
0.031681
1.096676
0.865063
0.049139
1.114051
0.165920
3.835507
0.795509
0.930787
2.710505
1.831580
5.116807
0.917768
1.697459
2.452479
1.460376
0.839449
0.135024
1.353561
0.877072
3.849279
0.050763
0.105992
1.207530
1.472022
0.691746
3.653771
0.362675
2.540033
3.749383
0.478995
1.896637
1.929171
4.568906
0.898909
1.866439
0.215649
1.805681
0.543764
1.346358
0.674885
2.142087
0.447032
1.364481
2.553160
2.002794
0.266729
2.871115
0.940148
0.265655
1.348070
1.482760
0.975753
0.660535
3.543192
1.067276
2.948947
0.343563
3.229759
0.116267
5.052325
2.019967
3.285787
2.601874
0.804963
0.327638
0.900916
0.547151
0.152489
1.451725
1.325948
0.371741
0.810496
1.225364
0.408181
2.594862
1.869090
5.257350
1.412095
0.008567
0.787985
0.462065
0.392338
1.536357
0.136018
1.409368
0.345252
7.638462
0.667201
1.009523
6.451188
0.398851
0.138613
0.587396
0.222610
3.832462
0.385016
1.871121
2.421531
1.223880
0.208948
0.873804
2.685349
2.666351
3.689684
0.043543
3.403438
1.619324
4.059148
2.054852
3.904475
0.584216
1.154737
0.618876
0.929454
1.090500
1.028270
1.324596
0.763118
1.781511
0.113434
5.323004
1.377100
1.053630
0.868914
2.054154
2.020821
2.513166
1.504820
3.233295
4.116472
2.569953
2.589081
0.297270
2.102292
0.082846
1.154940
0.065352
1.314716
2.323973
0.291687
2.106247
1.536869
0.125839
0.883974
0.520596
0.387646
6.076844
0.151876
1.211629
0.856028
0.554016
0.741947
1.103565
0.006115
0.823784
0.025059
0.952983
3.128033
0.896033
0.669936
0.221913
0.885271
0.346066
1.220068
0.688668
1.425919
3.399523
0.385785
0.659931
1.943475
1.508337
4.297292
0.407727
2.104269
4.545410
0.115232
0.003207
1.718577
1.341346
0.594429
0.373967
3.325335
3.778581
3.481270
2.544709
2.642344
0.482389
2.985147
0.983260
0.867030
0.032304
1.302004
3.157532
3.780546
1.343622
1.418516
3.726388
0.470272
0.850935
0.714157
1.649839
3.028087
0.560055
1.340095
4.000362
3.716899
1.998402
2.406808
0.757739
4.260180
0.865833
0.557565
2.645326
4.253639
2.272078
1.638653
1.430112
1.231636
0.077509
1.668005
0.321027
2.855806
0.025421
1.998402
0.769320
0.180820
0.941132
0.098852
0.492200
0.359453
8.646203
1.556295
1.742569
1.636208
1.868622
0.454699
5.582817
0.761109
0.852292
0.262258
0.333779
0.656232
0.960297
0.119598
5.493926
0.686056
0.574997
5.441184
1.346244
3.336594
1.102874
0.046521
1.255555
0.221216
0.083648
1.587907
8.126245
3.263654
0.153326
4.285938
0.651263
1.082787
0.432596
0.011842
0.106425
2.510870
0.674123
0.033445
0.039163
5.911803
0.581762
0.366980
0.462199
0.430026
0.540314
1.249516
3.003547
1.043135
0.421621
1.449297
0.786272
1.510224
9.984147
1.081132
3.553453
4.922573
6.961029
0.988958
8.448886
0.150484
1.181803
5.622415
1.034408
2.305818
3.774169
4.164042
1.195085
0.206470
1.334082
2.496250
0.356238
0.235566
3.217443
0.479334
0.613355
0.169576
0.516430
0.785049
0.020110
0.489264
0.973562
1.236862
1.845528
1.454888
2.213668
0.557068
0.128749
1.198631
3.923109
2.005672
1.606606
2.687389
0.838439
2.880826
1.179324
0.489264
0.015740
0.088576
1.570981
1.344761
0.685518
0.441322
0.084504
3.371603
2.472987
6.225588
0.190257
1.140963
1.057655
0.318624
1.379659
0.474527
0.121566
0.321458
0.052390
2.559763
1.385605
1.503691
0.905901
1.681760
0.197055
0.407077
0.140217
0.195625
0.316101
6.210736
2.387520
2.979363
2.679500
1.043611
4.645576
0.171041
0.905201
5.236027
1.702255
2.616966
5.384903
0.833400
0.692825
0.139443
1.843375
0.659024
0.043595
1.452819
0.990063
0.510063
0.043021
0.496717
0.125784
0.845520
1.986466
2.155010
0.221506
0.345753
1.376984
0.413388
6.653299
2.324588
9.670146
4.156635
2.102831
1.363559
0.077509
3.153478
0.462669
0.745682
1.084054
0.196826
1.317405
3.314895
1.854635
1.528067
0.756858
0.141269
0.871143
7.187847
0.240494
3.284691
0.345252
0.269716
1.387124
1.253288
0.279071
2.576384
1.913867
0.260533
0.402538
0.919534
1.908583
0.644360
1.012135
1.279166
0.935773
0.131388
0.995785
0.006574
5.961986
2.006520
1.321446
1.641239
3.522435
0.157066
2.226773
3.822352
2.500121
1.256744
0.335084
2.571618
3.973659
0.802657
0.031008
2.016552
0.112726
1.816688
1.190300
0.898647
2.273470
5.613534
0.285397
0.202101
3.188941
1.978946
3.113477
0.615267
2.909431
0.183429
1.695911
3.166349
1.127303
0.128144
0.593630
2.191547
1.244679
0.217619
0.254597
4.090225
3.087008
1.555389
0.582700
3.812302
2.414586
1.477074
7.850387
0.480623
0.635475
0.654724
5.035543
2.736834
1.108206
3.403830
1.087762
2.480630
2.608916
2.196289
0.709557
0.998283
0.017795
0.130563
0.116322
2.458471
0.860369
0.924841
1.775744
0.892206
0.531545
0.725438
1.020558
1.879426
0.415344
0.160591
0.287934
3.000158
4.248424
1.448690
1.312032
0.424965
2.534671
3.489092
0.235507
2.249958
0.599086
0.916710
0.452695
6.712178
1.201976
0.238791
1.551256
2.449159
0.618434
2.408749
0.292717
0.463475
0.047463
1.303115
0.006932
0.495826
0.221913
1.214683
0.430685
0.619097
0.559272
1.559922
1.771763
2.007707
2.788063
2.750554
0.155558
0.268103
1.698868
1.251994
0.322075
1.520577
2.743680
1.265307
1.024033
0.878019
2.351477
0.976027
2.236670
1.841992
0.518303
0.571052
0.625155
3.003547
0.867886
0.093195
0.380217
0.952803
0.604706
1.985127
5.427924
0.058911
0.234160
1.617176
0.238263
0.359327
0.156340
0.103825
0.002239
1.693802
2.595344
0.671610
1.876601
0.722610
2.995242
0.992276
0.247029
2.873395
5.936705
0.085521
0.667961
0.257384
1.725724
0.204112
3.599107
0.396849
0.583277
0.954425
1.453184
2.110573
0.488582
0.623823
0.248504
0.294294
1.413520
0.971921
0.889429
1.563297
1.636615
1.065829
1.648061
0.862928
3.158885
0.337761
1.967480
1.395446
0.950192
2.438800
0.452161
0.134969
0.674962
0.342939
0.948035
2.541201
0.919975
0.078895
0.387325
0.233751
0.317577
0.009027
4.514587
1.053439
1.679529
0.238263
0.386170
0.171323
0.249804
0.423521
2.549869
2.960025
1.190715
1.231636
0.557352
0.482389
0.285035
2.890595
2.360258
0.863184
3.511107
0.939433
1.957408
0.233517
2.192305
4.362901
1.413164
2.448275
2.724269
0.442516
1.448326
0.976118
0.449828
4.306027
1.233767
1.718150
0.658798
0.524841
1.458179
0.697456
0.146314
5.656904
12.815263
0.693596
0.092818
0.054701
0.488514
0.134914
2.428504
3.008488
3.373526
1.598756
1.772353
2.113282
0.848733
0.045894
2.505372
0.357120
2.212132
3.572866
0.384376
0.310515
0.530635
0.164909
0.849411
0.369581
0.145981
2.625546
0.928477
0.326400
1.763391
1.116137
0.785538
1.187082
0.564117
0.396655
2.557402
0.306353
2.602117
3.471442
1.007287
1.735926
1.128904
1.339527
1.062555
0.498362
0.439136
3.965951
2.680262
2.290269
0.804551
1.128804
0.512344
1.975115
1.225364
0.217793
0.583205
1.888404
2.838122
0.106805
0.488378
1.773531
2.452258
0.421621
2.022019
1.290049
0.693442
0.198946
0.990616
0.962561
0.201412
2.182102
2.060796
1.256312
1.391338
0.274507
0.490493
0.035158
0.046208
0.009487
3.114795
0.364446
0.979685
1.376171
3.025897
7.297691
1.259016
1.801478
0.539962
0.093840
0.839281
0.347882
0.700086
3.093830
0.498842
0.665153
1.063902
1.460254
0.647733
0.604121
0.018103
1.995873
0.894814
2.866280
2.289063
1.516529
1.138545
5.005549
0.271930
0.643013
1.500685
1.748512
1.908583
8.086717
0.634507
1.756227
11.021697
1.424842
1.077051
4.558684
0.892814
3.352485
5.230153
1.167805
0.992460
0.436358
0.877675
1.896954
2.757190
0.027850
3.321599
1.710325
1.782548
0.257028
3.204522
0.911780
1.140560
2.767596
0.275887
0.132654
1.231103
2.803580
2.042854
0.504891
2.626776
0.933812
3.343008
4.050457
0.072561
0.654724
1.159727
0.515044
1.152298
1.131811
0.192311
4.523774
1.310915
1.724006
1.100018
0.465289
1.360910
0.092980
0.113434
1.423169
2.595586
0.628266
1.355624
3.809299
1.548677
5.814088
3.552596
0.485449
5.089636
1.170061
0.195854
0.732922
0.806696
1.726727
0.923955
0.156787
1.094811
0.998190
2.111475
0.115014
0.065193
0.289083
4.421785
10.089004
2.883407
0.501864
2.057996
0.144982
0.554299
2.357744
1.146419
0.260295
0.050763
0.168281
1.614494
2.076988
0.976575
2.134381
1.130908
2.641599
0.465625
2.224259
1.224728
1.302448
0.785864
1.625518
2.686623
1.238359
0.079589
1.183250
0.387967
3.109200
0.501451
4.512298
5.542724
2.754533
1.973785
1.502188
0.559841
0.730160
0.514005
0.048772
0.364066
7.541817
0.413062
2.104269
0.194767
0.902576
0.170139
1.360795
0.516500
1.584613
0.894553
0.372186
1.601546
1.235901
0.883023
0.347631
0.507441
0.268879
1.940702
0.846365
0.031993
0.377536
0.193281
2.163371
0.428908
0.126388
2.586678
1.180666
0.792724
0.612767
1.175716
1.601945
1.842760
0.687976
0.899869
2.305412
0.103446
1.816234
0.773926
2.775376
5.047062
0.396655
2.043720
4.376198
0.091045
0.169069
3.159562
0.018103
1.339868
1.125004
1.422213
0.754537
0.311864
2.995855
0.484360
0.584504
0.374349
0.160591
5.113523
0.383671
0.220984
0.560411
2.149459
0.203135
3.694811
0.026247
3.855951
0.190998
1.066987
0.353280
2.607943
1.788785
2.417404
1.937283
1.427236
0.584721
0.988406
0.273248
2.452258
1.543790
3.534688
1.851851
0.161599
8.432783
1.747932
1.253936
0.123592
0.455768
3.042228
2.373094
0.495415
0.450228
1.641647
2.155751
0.741629
5.195332
0.609831
0.964102
0.306598
0.092012
0.641742
3.010964
1.519311
0.215013
0.836422
2.188708
1.994863
0.042864
0.820286
1.857888
5.878590
0.654950
4.292608
0.860880
3.153816
0.410457
0.884319
0.307943
1.845990
0.000661
1.370374
1.380357
7.001273
1.132714
5.310649
0.288720
1.393919
0.906339
2.933796
1.614494
4.519940
0.348760
1.296791
1.249301
2.343572
0.111312
8.465146
1.648608
5.827462
0.331481
0.950192
2.223873
5.678252
0.782526
2.963935
9.687067
1.845836
0.626043
0.801011
2.184552
3.371218
3.350965
0.492132
1.467845
1.710893
0.395236
0.295083
0.393819
0.420442
1.651756
3.026835
0.299521
0.236152
1.028835
0.076923
0.568976
4.736376
0.366853
0.344814
0.495347
1.170985
0.308004
0.196083
1.212471
8.601276
2.664337
0.409091
0.727640
1.515014
3.789911
1.003847
0.556642
0.383351
5.682862
0.553023
1.161156
5.017895
5.864802
0.474662
1.520198
4.260835
1.332158
0.340503
0.525329
4.141308
0.290354
2.065708
0.452962
1.359184
0.125345
0.114578
0.157960
1.683016
2.259402
4.069053
0.542919
0.011074
1.098936
0.307087
5.814088
3.743124
4.500144
1.110581
8.301846
4.731152
0.541440
1.050570
1.450632
3.208353
1.976280
0.360716
0.241670
6.388920
8.628086
0.350077
2.187006
1.793403
4.233523
0.805376
1.463801
2.124890
0.148815
0.358822
0.359958
4.092594
9.335695
0.604121
0.794526
1.881312
0.294233
0.449628
4.522240
0.071552
2.161881
0.628786
0.204687
0.090884
1.592794
0.188491
1.935333
1.198423
1.753603
5.013769
2.160207
0.915652
1.590283
1.698868
4.485075
4.989229
2.137496
3.514036
1.671468
0.518234
1.078799
1.521845
0.432332
0.195053
0.770450
2.101754
0.532105
0.838860
0.881641
0.979410
4.429022
2.249173
4.404544
2.217127
0.004227
0.449095
1.716867
5.579921
0.537292
0.609685
0.997727
0.944445
0.776355
0.010357
4.007668
2.605270
3.217093
1.520831
3.625767
6.556964
2.540500
2.331167
0.666215
2.525619
0.986750
0.400144
1.734341
1.337710
1.178602
0.532385
1.746771
0.554441
0.446567
3.989741
1.269768
1.218694
0.174031
3.936548
3.346792
0.534696
0.845436
2.985147
0.082312
1.244250
0.303239
0.368438
0.415018
0.767062
0.125949
1.670081
0.135907
0.970828
1.235794
1.003104
1.413639
2.039738
1.987807
0.939701
5.089636
0.329869
2.125072
0.250040
0.253412
2.075044
2.122162
1.918363
3.498195
0.853055
4.809472
0.362042
1.670497
2.230065
1.995368
4.023515
2.262364
0.148314
0.584071
0.345753
2.196479
1.400034
2.334672
0.594357
0.612914
6.812149
0.975114
0.737586
6.130324
2.784274
0.905026
0.350265
2.370139
4.644750
1.741412
1.296791
8.257983
0.290717
3.157194
0.912923
1.716012
0.151988
0.310944
5.243105
0.247147
1.241141
0.890556
1.422930
0.323063
4.504692
0.070066
3.536810
1.072108
0.088361
1.792508
0.112454
4.384651
0.584360
0.413518
0.332599
0.277148
0.005349
1.745031
0.240612
3.518230
0.243081
0.209063
2.270885
0.282683
1.237717
1.908903
1.994863
3.214991
0.485925
1.167190
2.392001
0.899607
0.538838
0.790353
0.136846
0.679543
3.292375
2.506745
3.882908
0.641742
5.009654
0.258690
1.582772
1.684832
0.064664
1.644237
0.724416
1.391221
1.767352
0.025576
0.231411
1.061497
0.081350
0.087450
2.208684
0.922008
0.311250
3.388998
0.608219
3.559038
1.298453
2.408749
3.837540
0.721904
0.174143
0.024337
3.801318
1.325272
1.659585
6.078794
1.523747
6.924974
3.339986
0.285156
3.124713
1.067180
3.031532
1.266068
0.036457
1.208160
1.551772
2.245647
0.497196
0.062920
4.189602
1.037154
0.404223
0.960569
4.513061
1.783883
0.496991
0.957042
1.383504
3.352865
0.795755
1.824725
1.410198
0.702255
2.141352
1.124404
5.846027
0.355167
0.055962
0.048981
3.335464
0.462065
3.642875
2.883981
0.574136
3.763432
0.096318
0.267505
0.312538
1.701549
2.865712
0.914331
5.520239
1.038007
1.568894
1.886825
0.206586
3.611051
2.564495
1.430952
3.875087
2.830322
4.390311
4.359420
2.225806
6.419763
1.046086
0.328134
1.436723
0.152991
7.131851
3.247513
1.113357
1.275444
0.132820
0.891164
5.545556
2.459806
0.072880
1.008591
0.230360
0.220809
0.688975
2.820623
0.753098
0.490152
0.101823
1.056983
1.129906
7.301751
0.687899
2.007028
0.185588
2.108589
7.991815
1.322570
0.197628
0.224413
0.493021
6.067126
0.213682
0.882418
5.334202
2.108769
2.239202
2.416970
6.017485
0.640248
0.823284
0.614458
0.563546
0.516500
2.175897
0.365269
1.331592
2.317422
0.524911
0.239143
0.918121
6.858235
0.598139
7.730510
1.466128
1.339299
1.961528
2.404869
2.213284
2.551984
1.891882
1.470055
0.970464
1.448205
0.442914
0.009232
0.314380
2.014677
0.167494
0.497813
0.730318
5.096117
0.123099
2.297924
2.791589
0.509166
1.942006
1.012508
0.889255
0.183486
2.709729
1.123905
0.551181
0.442516
0.488173
1.205537
0.889342
0.415214
0.267983
0.465625
0.070756
2.207727
3.667492
2.332403
1.482884
0.081670
1.227275
2.752940
1.376868
2.268701
1.158402
4.447987
0.411694
0.131333
1.088935
0.926436
0.751820
5.612058
0.357183
0.158576
0.184736
0.168338
0.088039
2.763052
4.456075
0.130563
1.251024
2.490800
4.423230
0.243906
4.464945
1.295130
1.201557
0.697611
1.819565
1.593720
1.107712
2.433315
1.355510
3.166349
2.580207
1.628083
0.764565
0.581041
2.529559
2.605513
0.095240
2.469178
0.850681
2.234141
3.808799
3.649676
0.033237
0.572414
0.124742
1.839843
0.818872
0.395236
2.455140
1.449782
1.022154
0.128749
1.042184
0.231411
1.065926
0.835666
0.833149
2.344403
0.241552
1.078702
3.554741
0.494252
0.420246
5.532849
1.438531
1.009896
1.073560
1.310133
0.387838
0.618876
0.181330
2.603329
4.385358
0.426672
2.464262
1.510727
3.699486
2.238812
0.818872
0.341190
0.172789
0.675190
1.307233
0.278710
0.256079
1.453549
5.270515
1.228976
4.543078
0.710025
2.383902
0.488173
0.010613
0.469329
5.509109
0.438078
1.096283
0.194138
5.139979
0.228317
0.627229
1.777516
0.776112
0.318685
3.461266
0.132875
0.360463
0.510547
1.168933
2.574476
0.809917
0.812483
0.167663
0.046888
4.913819
3.030905
0.657590
1.372111
2.168968
0.368502
1.588831
0.291747
2.726618
1.235581
0.880433
0.230360
2.875964
2.218281
3.812803
1.344305
0.158352
1.878327
2.121617
1.224092
2.907392
2.567578
2.678231
0.010818
0.689206
3.672552
3.451151
1.849535
1.334308
0.077456
2.820899
0.489537
1.757102
4.480580
0.708935
2.899262
0.502483
2.261771
0.433915
1.364827
4.413142
0.090239
1.299894
0.627229
0.669252
1.665101
0.204572
1.857423
6.126303
1.830512
2.257430
2.051191
2.671143
0.757980
0.441190
0.321212
1.073367
0.886396
4.510013
0.700396
2.505601
0.456905
2.534206
0.365332
3.224470
1.473499
1.166473
0.421490
2.317422
0.633391
0.073039
1.152501
0.020573
5.078890
2.827822
0.591598
2.247409
4.147422
3.673473
4.834259
4.122496
4.246473
1.814420
0.207507
0.712675
1.144598
0.315916
0.684521
0.160759
0.204457
1.458179
3.178976
1.873624
3.657875
6.794066
1.664963
6.372546
0.585733
0.111965
2.024416
0.203364
4.310749
2.591005
1.263461
0.276547
1.887614
1.618384
1.889036
0.034275
0.945163
0.985004
0.987118
0.971739
1.557978
2.225419
2.242519
0.473378
1.558237
0.152155
3.037816
3.801815
1.635529
1.970463
0.682375
1.415065
2.346688
3.541913
4.434834
1.782845
3.803808
0.520804
0.600325
7.042512
0.901004
1.841071
2.683567
1.838616
0.045894
0.617402
0.248918
3.264375
3.334336
1.087860
3.111501
0.593921
0.441786
0.339131
1.804179
7.599129
5.756809
4.063802
1.618115
2.848766
4.055087
0.180876
0.051812
1.211208
0.987946
0.858410
0.096964
2.296915
1.418993
0.641293
0.278410
2.091197
1.115640
0.726538
0.073837
0.164516
0.257028
0.381304
1.032422
1.813363
2.256248
0.274567
0.856538
1.012135
1.757102
0.361726
0.105666
2.572809
1.978112
0.092388
0.414561
0.001119
0.572486
1.607140
0.509166
0.534626
0.893684
4.865063
1.404045
0.658269
3.130028
0.830970
1.101495
0.781387
1.861148
6.706480
1.497309
0.341003
1.192795
1.518299
1.230039
1.362867
0.956230
0.167044
5.933125
0.161543
0.103933
4.404544
0.399885
1.400270
2.280049
0.809669
2.406593
2.740780
0.903888
0.028936
1.013442
0.670088
5.115712
0.788964
1.615566
1.928524
1.480533
1.662893
1.577390
2.334053
0.723788
0.296966
0.780737
4.100913
5.435867
2.311508
0.565616
0.823367
0.302263
0.879916
0.005808
1.588303
0.000560
1.199049
1.102480
6.944544
4.265431
0.474662
6.150576
2.861743
0.588916
0.073464
0.218720
3.682717
0.374349
0.051498
5.219630
0.688360
0.017589
0.265953
5.075680
0.746558
2.318444
6.049774
3.947378
1.073754
1.838157
3.688288
2.872255
2.122343
7.653455
1.824725
1.295352
1.717437
0.732685
0.074900
0.677098
0.859176
3.436694
1.009430
0.309474
3.082799
0.532105
0.879743
3.460049
3.460860
0.251518
2.060271
4.127935
0.026402
1.842760
0.037185
0.021603
0.920152
4.621795
5.308189
0.601200
0.540244
0.266431
0.408246
0.545598
2.966949
2.791589
3.819331
0.411043
0.032200
0.730555
1.473746
0.636890
4.011051
0.149538
0.557210
0.495484
3.742643
0.058963
2.687133
0.888561
4.328408
1.511483
1.933547
0.945432
1.836012
1.040379
0.605291
0.836170
3.665197
2.887716
0.237852
0.524981
4.993294
0.505717
3.784975
4.022378
2.148167
0.802245
1.600616
0.521013
2.696597
1.405936
0.322631
0.145093
0.621385
3.763432
1.110284
2.257036
0.400596
1.590679
3.344899
1.278289
0.859858
0.455768
2.020650
0.058068
1.035828
1.704516
0.022170
2.620148
0.909058
0.298000
6.503237
0.192425
0.699699
0.403121
0.111584
0.101337
0.210563
0.569835
2.647317
1.202394
0.522056
4.135216
2.800301
0.778220
0.233868
1.087371
0.543482
2.126893
0.499666
0.825619
0.424965
0.235976
0.813062
1.456228
5.690575
3.063189
2.591728
2.559999
0.242081
8.944616
0.856283
1.362637
0.999116
2.084077
1.231636
1.352072
2.908557
0.294355
1.003568
5.875133
3.513618
0.777409
4.160952
1.768674
1.062555
0.037810
1.577652
3.257179
0.708234
3.611939
2.044587
0.143041
1.050666
0.344376
1.858819
6.836570
0.288236
1.396151
0.483272
2.942692
1.640422
3.618170
4.565754
0.998468
5.682862
1.414233
2.483336
0.323866
0.483204
2.312119
3.568533
2.029221
2.512017
3.234711
1.037628
0.812814
0.156172
5.400419
2.097630
3.801318
3.109857
1.225152
1.002918
2.337358
0.272050
2.504001
2.506516
1.715585
0.921831
1.229933
1.880683
0.081938
0.882246
0.967825
3.079246
0.226626
0.900392
2.419792
1.544561
0.627377
0.811324
0.992737
0.558632
1.581326
3.494051
1.407000
3.060634
0.101877
1.432753
0.396139
0.219416
0.609685
0.848903
1.170882
1.565768
2.801939
2.683567
0.131498
4.630776
1.548677
0.799860
1.556036
0.188263
0.104583
0.803974
2.176460
1.810346
2.112197
0.291262
5.892494
2.209450
1.318751
0.450828
6.217085
0.487764
1.814874
0.041821
2.079112
0.376515
5.578475
2.775107
3.701360
0.442847
1.686510
0.176290
0.619318
1.191027
0.022634
4.034354
0.711427
0.187580
2.372038
0.198888
0.637785
2.726096
2.954327
0.860880
4.118879
1.770439
0.369708
0.038330
1.015405
0.189402
2.676963
2.567815
0.259522
0.180309
1.828682
1.296459
0.133867
4.212373
2.225999
1.694926
0.395623
0.298182
0.557779
1.189988
0.006217
2.051540
0.991630
4.902218
5.035543
5.206859
3.020282
0.315179
2.276059
0.485653
1.808991
0.603902
0.495963
2.642344
0.815052
0.594938
0.148148
3.592947
0.689668
6.495701
3.269069
3.315638
0.536380
0.398076
0.085093
1.465515
0.728585
3.456808
1.075596
2.320285
1.122807
1.792806
0.467712
5.931338
1.359989
0.694213
0.692979
3.506097
0.890643
1.456959
1.409486
0.270075
0.387325
3.588999
0.186669
2.530952
4.799478
2.359001
0.628341
0.979136
2.496250
2.216742
0.215360
0.562619
7.393671
0.586962
1.572941
0.009897
0.247914
0.601054
0.143097
1.337142
0.686132
0.076763
0.563546
0.571554
0.221855
1.131209
0.104583
6.738063
4.023515
3.002314
0.126113
0.891511
1.025068
4.042386
3.946834
0.044953
0.785294
1.642601
0.359138
0.813311
0.115014
4.654686
0.039267
3.074091
0.264463
1.220385
0.678091
0.395365
2.344403
1.880369
1.235474
3.040651
2.335911
1.684832
6.344844
3.426727
0.537362
2.472762
2.334879
0.172394
1.485610
3.655594
0.216981
0.339506
2.350435
0.220577
0.366409
1.825942
0.053912
1.573333
0.766498
1.247365
1.183561
0.977215
2.329520
2.106967
4.584757
0.127266
0.817957
0.988866
0.401632
2.101395
0.810000
1.549450
1.190196
3.380858
2.368242
0.257681
1.093634
1.225789
0.276127
2.471641
1.365173
0.314257
0.336640
2.820070
2.511329
0.429039
1.576080
1.332158
0.185247
3.537660
0.132710
3.877690
2.270289
0.126662
1.489459
2.862593
0.811489
1.624574
1.269115
0.331854
3.384729
0.200838
0.707690
1.380940
0.418937
1.736214
1.817596
2.305209
1.351614
0.072720
0.149649
0.531685
2.444302
1.454766
0.627451
3.588999
1.337937
3.758089
3.469402
0.483340
1.669527
0.128529
0.269417
2.430034
2.372883
1.608608
4.052770
2.497160
0.763520
0.590583
0.222610
0.165527
0.896294
1.244787
0.330489
0.257325
0.713221
0.707534
0.649760
1.345445
1.781955
1.591736
1.073463
1.460376
0.025059
1.108305
0.303849
0.335146
0.982617
2.461810
2.755330
0.102526
1.138947
0.596683
0.020779
1.506452
3.592069
3.074412
0.341190
4.431926
1.522352
2.011103
0.199576
0.162048
3.779563
1.454523
2.334053
1.134621
0.352275
2.744208
5.265716
1.703527
0.562263
1.099920
0.679849
0.874921
4.543078
2.103190
7.309901
2.139882
0.313705
1.054300
0.655704
6.752619
0.898037
0.246144
1.926422
0.134749
2.619413
1.060824
5.967453
0.703263
1.701690
3.822856
0.066622
0.586456
1.977946
3.506931
0.046678
1.100510
3.766353
0.699002
0.808182
0.617107
0.570622
3.278134
2.488761
0.310760
0.017127
1.442998
1.595044
2.231035
2.574953
1.395798
0.945342
2.296713
5.601765
1.652579
2.529095
0.224704
1.158809
0.380153
4.411706
2.692242
3.745047
0.940238
0.069005
0.080442
1.291594
6.431780
0.097180
1.997727
1.006915
2.193252
0.021500
0.142653
3.237193
4.396700
11.356148
0.016818
1.398974
3.108543
1.106921
1.880054
1.957408
1.597297
0.441720
2.695827
1.342711
0.571769
1.174583
3.401088
0.773926
2.051365
2.732373
2.695827
1.570459
0.602806
3.130028
3.894972
1.161462
0.904151
7.477352
0.979502
1.994358
0.422014
3.128365
1.989484
1.221338
3.048552
0.599888
2.587638
2.505143
2.346480
1.624035
0.387325
1.649702
0.241611
4.211736
0.614752
0.953884
0.184338
1.802228
1.787595
0.191169
1.605273
0.984177
1.387124
3.522856
7.949311
2.545646
1.719148
10.711526
2.007367
0.113652
2.280849
0.608878
1.279166
1.102973
0.197743
0.280816
2.079289
0.131388
0.145870
1.760463
0.033082
1.743872
0.410522
1.932736
1.567981
2.550573
0.274987
2.077696
1.236435
1.703951
0.097180
2.380928
1.291704
2.573523
0.049872
1.686370
0.964193
2.417838
0.511722
2.587879
0.581690
1.629299
0.704427
2.678231
3.212542
0.204169
1.166780
6.889682
1.689872
2.712834
0.359642
0.084236
2.826436
2.511329
2.816484
0.586311
1.143588
0.383863
4.548523
0.658722
1.052673
0.942833
3.187563
2.119983
0.074900
3.260053
3.185842
1.802978
0.102418
0.610491
6.650546
6.148539
1.713735
0.160591
2.026474
1.305674
2.999850
1.242748
0.517332
1.408065
1.847839
0.109627
0.242787
1.845836
2.627022
2.855806
0.651789
0.444241
0.413909
1.812609
6.317596
0.111149
0.661518
1.603808
0.084557
2.137313
1.867842
2.577100
0.875781
1.429033
2.207918
1.193732
0.433981
0.008976
0.275347
8.339300
0.004227
2.282448
1.527940
0.163730
0.027126
2.878536
3.027148
1.249516
1.718292
0.099338
0.113271
0.320780
0.563118
1.601812
0.317085
2.153713
0.642714
1.358035
5.361896
0.779681
3.420379
3.148762
4.684852
2.601874
2.630223
3.130360
2.796212
0.136680
1.801328
1.849072
0.376260
4.835184
0.252938
1.026197
2.268106
2.614278
1.461965
7.884635
0.239965
5.387479
0.313029
1.537636
0.411173
3.055536
1.048660
4.010487
2.113282
0.097180
2.127258
0.545386
1.963675
1.052577
2.383264
1.230039
0.644884
0.331419
2.859479
2.566154
0.205262
0.597775
0.266192
0.183316
0.247855
1.787149
2.221557
1.451482
0.657741
0.343064
0.037289
1.861769
1.236862
0.418153
3.707464
1.278727
0.607633
0.863867
3.115124
4.156019
0.344501
0.892032
1.786406
1.323808
0.642639
0.512829
0.790680
1.186564
0.513175
0.753098
0.034120
1.312479
4.431926
0.113543
2.528399
2.564495
0.537713
4.580780
0.223832
3.170093
3.502765
0.956320
1.529594
2.734734
4.663845
0.511929
1.987975
4.514587
3.145737
0.088254
1.625248
2.602844
3.496122
1.750110
0.657665
1.244787
0.189915
2.123252
1.536997
4.251681
0.349199
3.050454
1.724579
0.219416
0.020419
3.187907
3.388609
1.279166
3.817319
1.887772
0.755097
3.177949
0.844000
0.587396
2.754533
1.870027
0.549342
0.241493
0.362738
2.093338
3.040651
1.362407
0.407922
0.037602
0.100364
2.055376
1.707489
0.411694
2.589562
0.810414
1.268897
0.403186
1.084737
0.376069
1.812307
0.749187
1.476827
2.212132
4.716437
1.228125
0.501589
3.469402
0.427987
0.018463
0.724180
0.203077
0.727089
3.906594
0.904676
6.053615
2.107508
1.724436
2.217704
0.584866
0.515183
1.000228
5.702990
1.652168
0.448762
1.075887
1.385021
0.861051
1.111374
0.343939
1.113754
0.247383
2.400569
4.880206
0.720023
0.799449
2.265926
0.483000
1.448083
1.586457
0.382391
1.530104
1.895050
2.961528
0.295204
1.044562
0.355419
0.024388
0.619245
0.664623
1.051908
0.432794
1.636751
0.498431
2.766259
1.306676
1.037818
7.599129
0.186612
1.200930
12.176942
6.451188
1.290601
0.932299
0.724180
0.867287
1.039905
0.089702
0.460388
1.444449
0.087182
0.127101
1.194356
2.216742
2.545178
6.544014
0.796986
1.865192
0.872516
1.468827
2.245647
0.411433
0.945163
4.109273
0.771985
5.797521
2.381353
1.891565
0.835834
0.588409
1.340322
0.080336
2.911180
0.137177
4.316841
4.937266
1.354821
0.198831
1.366212
1.544818
1.611281
2.020992
2.953728
1.247042
0.132985
0.781225
1.283335
1.961528
0.772227
0.341627
3.071198
0.192025
1.128704
1.565117
1.142578
1.179014
2.644580
1.002732
5.466670
0.729215
2.843715
2.523537
1.197066
4.421785
4.660509
0.632647
3.937628
1.827464
0.413388
0.555222
2.225999
1.107415
0.550615
0.293020
0.077562
0.695062
1.328768
0.640845
0.557352
1.939399
2.105348
0.005043
0.455367
0.174031
2.448496
1.693802
8.201240
2.314769
0.884925
4.209828
1.250809
6.964346
0.466904
1.805531
0.107293
1.900768
1.263569
3.316382
2.067641
1.720147
3.929546
6.407833
1.390752
2.237254
3.140707
3.054582
2.630469
6.270957
0.589061
0.407272
3.011583
0.556997
0.416193
1.064480
0.626932
0.302263
1.143083
0.566330
2.157235
7.042512
5.046012
4.415299
1.285533
0.133591
3.824873
0.017024
2.297924
0.886309
0.023459
0.454431
1.286413
0.063871
3.763918
0.180026
0.146203
0.001170
0.291626
5.701433
0.251104
7.450469
0.874492
1.356772
1.063902
0.826621
3.875087
0.550969
2.293085
0.019852
0.625229
0.810331
5.739206
0.260295
0.754777
0.796904
0.070172
0.441654
2.177587
2.230841
1.461965
2.979363
0.027178
0.601565
1.344761
0.170646
0.352840
0.858069
2.664840
1.160135
0.542919
0.203709
0.209236
0.041351
1.933222
1.865192
4.717299
1.196128
-0.000000
1.040759
0.354727
0.947676
1.443240
1.521211
1.027045
2.346688
2.844556
1.210261
0.097773
0.264880
0.849157
1.527049
0.091313
0.460656
0.814223
0.504478
3.740723
0.303361
1.191443
1.058998
1.914027
0.112019
1.085322
0.369962
2.186251
2.920249
1.781067
2.269098
1.029684
2.276059
5.963806
0.844507
0.516500
0.647208
0.782770
0.972650
0.883801
4.650539
2.017917
4.327725
1.414233
1.562517
0.576866
0.363876
0.190200
1.269877
0.355230
1.806733
1.812307
1.910022
0.579312
2.253296
0.337013
0.192482
0.499734
1.086200
4.973067
0.436755
1.373270
2.593415
2.108228
2.524693
1.138444
2.692754
1.369101
1.799680
1.144497
0.530985
1.159115
0.876212
1.616639
1.291042
1.301448
1.154127
1.194669
5.809101
0.307148
0.363497
2.112920
0.843410
4.514587
0.321458
1.986299
1.136934
0.395752
1.726727
0.680079
1.359529
2.088167
0.302019
0.750383
1.870027
3.357434
3.891292
1.039050
2.243496
1.658622
1.248225
1.032139
0.574782
3.479628
1.072495
0.851698
1.667866
3.703236
2.658310
3.500686
0.385529
0.220751
0.621902
1.060824
2.025273
2.291877
0.527073
1.504946
3.191355
0.269477
0.543905
1.706781
0.803727
4.540750
1.775597
2.248781
0.191398
1.262918
8.153127
8.250784
1.617310
0.004992
0.164235
1.170472
1.306230
0.274987
0.064030
0.144982
2.896657
1.202918
1.409368
4.434107
0.064928
0.675572
1.350127
0.315179
0.290960
0.203364
1.939562
1.458057
2.541435
3.131026
0.388480
0.666443
0.466971
1.113654
2.825604
0.165695
1.720718
2.718282
1.225046
0.893075
0.365459
0.316593
1.638517
1.442998
4.131572
0.891077
1.503065
4.504692
0.133591
0.528120
6.931472
4.378308
0.962924
1.625113
0.364699
2.413720
1.959055
0.026247
0.451761
6.134355
0.164347
1.631193
0.427658
2.471641
2.504229
0.413192
3.272327
1.303782
1.882256
0.472432
1.343508
0.549978
1.378379
1.543918
1.097265
0.739963
0.256079
0.404676
0.443445
0.937915
1.992339
8.769015
0.584143
3.137028
0.428053
0.567116
0.172789
0.879053
1.383621
0.844338
2.917025
2.697623
0.970373
0.520318
2.122162
1.375126
5.372082
4.871672
0.155949
4.235459
0.987762
3.664280
2.317831
0.748868
0.285820
2.172335
0.205550
0.443312
2.665847
1.440461
1.699714
0.536731
0.681226
1.100806
3.228347
0.813643
0.108541
0.165358
2.108589
1.110879
0.822200
0.324978
1.008684
2.811255
0.648858
0.060387
1.845221
1.172526
0.202847
1.000321
3.901830
2.568528
0.065881
0.434839
0.762716
1.733046
2.410909
4.904146
0.127595
0.629379
0.600617
8.610165
0.154330
0.814637
7.014906
1.174069
0.194310
5.284998
1.008871
0.533785
0.185020
1.499684
0.217445
0.457842
0.401761
1.101003
0.136956
1.758855
1.742569
1.662755
3.947921
1.113952
2.640607
0.881296
0.794280
0.449095
0.477708
0.698616
1.190611
1.659448
9.068968
0.937647
4.201581
0.914419
1.001712
3.866785
6.892860
2.670133
1.514888
1.987807
2.303993
1.255231
3.915631
1.321671
0.105395
0.968826
0.580320
9.116590
3.769280
0.621237
2.903322
0.344814
0.705669
2.494204
0.713923
2.589802
0.456102
0.705203
3.035928
3.482503
3.345656
0.206931
1.595574
0.229075
2.352729
0.573275
0.359327
0.324237
0.022686
0.117304
4.973067
1.009430
0.253234
0.051340
0.729136
0.809835
3.147417
1.535590
6.116293
0.499254
2.702249
1.879426
5.361896
1.691695
2.555280
0.012508
0.465625
1.662893
0.445703
1.030062
0.308922
3.729245
1.723005
2.082479
2.398423
1.874720
2.402503
1.147937
0.778788
2.575669
0.173297
7.441604
3.732584
2.700191
1.831275
0.899607
0.561764
0.744012
1.060055
1.207950
1.659172
3.810800
1.854480
3.515294
0.876728
1.836625
4.217476
3.059039
0.488582
0.767948
2.891748
5.284998
3.409722
0.496237
0.007443
1.986969
0.737507
0.096156
2.218474
0.875179
1.711745
1.242105
1.563687
0.378940
0.477979
0.050554
0.386491
2.662074
0.223541
4.880206
0.494799
4.743368
2.184175
0.499254
0.412475
1.219222
0.215302
0.331667
2.638376
3.884477
0.471419
0.273728
0.615414
1.892040
0.301105
0.088468
0.989603
0.620646
0.895337
6.118291
0.622862
3.251802
0.469935
0.865576
0.492542
0.654423
4.449454
0.263330
1.109393
2.301360
3.706054
3.016548
3.548315
1.570981
3.016548
0.861051
0.010767
1.826703
1.698164
0.588482
2.612327
2.607943
0.333406
3.118425
3.016237
4.532240
3.387444
1.435399
2.854960
2.452036
0.078735
3.199659
6.061322
0.269716
0.040882
1.783586
0.169632
4.513061
4.843534
3.508600
0.124742
0.632796
0.367614
4.700143
0.745125
0.411759
1.546232
0.202273
0.957223
3.246799
0.173805
0.742264
1.698023
0.120746
0.200494
0.067257
0.841133
1.169856
0.828710
0.730239
0.617034
0.495415
1.002547
2.991258
0.080709
0.094863
0.881728
2.190032
1.263786
1.440823
0.835750
1.858043
0.788556
0.023356
0.481234
0.819371
0.096533
0.949293
2.559763
3.709347
2.368453
0.176234
0.438805
4.329774
0.877675
0.533155
0.352526
0.063607
2.880540
1.694926
2.228128
0.218546
0.996247
4.260835
4.429022
2.494431
2.019454
2.826436
0.944445
0.585950
0.604121
2.518228
1.067373
1.965659
1.779734
2.911472
3.171797
1.253612
1.864258
3.707935
0.414888
5.208016
0.108161
3.398350
0.744648
2.479053
1.217743
3.927398
1.774564
3.324213
2.618679
0.091475
1.165449
3.049820
0.209294
3.619954
3.401480
0.499666
5.067149
0.256850
2.065356
0.457306
1.161666
0.037133
1.057655
2.887716
0.015637
0.378557
0.830719
4.393148
0.501795
0.363876
3.147417
0.467846
0.559343
0.194253
0.860454
3.866268
2.154825
0.953614
3.082152
0.505993
2.922891
4.580780
3.534688
1.905708
1.272604
0.450028
2.356489
1.446750
1.769262
0.398399
1.023375
1.838003
1.355510
2.397994
2.432877
1.829140
0.794936
0.115722
3.321226
0.778951
0.390408
4.208556
2.010763
0.893597
0.381048
0.443644
3.423153
1.237397
0.239848
0.607267
0.335768
1.967645
0.574136
4.717299
1.765590
0.073677
0.506751
0.053492
0.306292
2.351060
1.185424
1.863791
1.110086
3.936008
0.464482
0.925372
3.083769
1.304783
1.342370
2.739201
3.120077
3.378925
0.492474
1.548549
3.859039
3.081506
0.976849
0.217851
3.414844
0.130728
0.353217
4.275984
0.367487
0.686286
0.836338
0.355986
0.374986
1.292588
0.393883
0.587396
2.485820
1.228550
0.105721
1.704375
0.361031
1.143992
1.902519
0.866004
0.513590
1.131510
0.293081
0.548211
1.207950
1.687210
1.092654
2.392642
1.841685
1.621476
1.054970
0.226044
0.176064
0.390665
1.936308
1.831122
1.174480
0.166145
0.348822
0.553094
1.145003
0.004839
1.659861
0.046992
0.701248
0.669024
2.006859
2.000934
1.446629
0.378621
0.671381
0.107293
1.999752
0.535047
1.889668
2.809882
1.707914
0.213856
0.612327
3.400697
0.631829
1.392863
1.490827
0.113216
3.183092
2.652804
2.357117
3.568965
2.828933
1.457325
1.408302
0.530356
0.186442
1.105538
0.209409
0.346128
2.197239
0.733158
1.782696
3.879776
0.440328
0.011176
0.003921
2.171025
3.853895
0.758220
0.913627
0.383671
1.469318
6.570015
1.165347
0.788964
0.473851
0.388416
5.545556
0.428908
0.021037
4.393858
3.515713
3.615942
4.569695
0.247914
0.546092
1.967148
0.347381
0.492064
1.577914
2.055201
3.753247
1.118026
0.013123
2.472090
0.677556
0.188604
3.087657
2.019454
2.140984
5.433215
1.347727
2.106247
0.610345
0.169576
0.327886
2.006520
5.561219
2.658310
1.468213
0.762474
0.107347
4.093187
3.459238
5.381046
2.379231
2.823942
3.827905
1.301337
1.146823
2.718542
0.838692
1.129305
3.495708
0.690437
1.861303
0.598722
1.812156
4.270699
0.712597
0.486334
0.195282
6.337990
0.141545
0.144871
0.728034
1.396268
2.593415
0.422997
0.102959
0.602879
0.587685
2.072749
0.130673
0.552102
4.014441
0.741312
0.553165
0.827206
3.253592
0.564973
0.800189
3.039390
0.166369
0.873890
2.858630
0.448962
0.892988
4.934317
1.483998
0.160367
0.728742
1.601679
0.178950
0.080709
3.184467
1.172218
3.426329
2.059921
0.237617
0.603756
0.416519
0.894814
2.555044
5.155607
2.117625
2.512017
1.138343
0.602076
1.478802
0.733553
0.926436
3.346413
2.528631
0.559059
1.905389
0.582339
5.260930
0.429631
3.068631
1.707064
0.136459
1.057463
0.073996
0.002341
2.948648
1.232701
1.366212
1.766324
1.522859
0.101283
0.724416
0.506820
0.433651
1.293472
1.428194
0.499323
0.492132
0.768271
1.097363
6.791071
3.240744
4.259525
2.119438
1.907624
0.436953
0.567974
1.052673
5.366982
1.600483
0.136790
0.860540
2.501717
1.943801
0.235917
4.710415
1.443240
1.223350
1.073948
2.248977
1.837084
3.356672
0.771581
4.529927
0.825953
5.308189
2.701992
0.075326
0.492747
1.292809
0.454832
0.119762
1.358610
0.748310
0.034639
1.986466
1.565507
3.273777
0.401373
0.201986
0.330117
0.416323
0.538135
0.838439
0.419853
1.411383
0.775464
4.111070
1.137538
1.133316
1.973286
2.493977
0.283587
1.528449
1.602211
2.046843
4.999410
0.791743
0.081136
0.869942
0.078895
0.033860
2.601390
2.655054
0.279011
1.056887
0.594211
0.288841
7.767726
0.825118
1.718720
1.614896
1.999246
0.557565
0.037914
5.198782
0.624267
1.066601
2.019967
0.329001
