0.933478
2.036965
0.403941
3.714553
2.865842
2.077040
0.301491
1.335835
0.008231
1.200879
2.053370
1.034122
6.405471
7.164433
1.117948
3.969607
0.747587
0.664391
0.880572
3.804932
2.069058
1.446981
0.504803
0.787703
2.022394
1.756302
0.016891
2.669881
0.643798
7.405180
1.330637
1.044933
2.263491
1.172637
4.059967
1.688623
3.070724
4.632516
1.478112
2.841583
0.344636
2.735380
0.391374
0.627035
0.763055
1.297149
1.184945
0.822869
0.458664
4.978248
4.917524
0.051036
1.267718
0.496035
2.497379
6.698639
3.057556
3.973058
4.432603
1.432893
2.106670
0.316684
1.309307
0.495233
3.809887
1.290931
1.285410
2.396989
0.396128
1.174753
3.499641
3.806733
0.922939
0.877782
0.731918
1.802066
0.527577
1.279119
3.751739
0.936169
0.831089
5.854889
2.803326
2.899701
3.879773
0.039148
2.086455
0.354117
1.671429
0.150551
1.162723
0.129040
2.074781
6.273149
0.546438
3.383987
1.073548
3.771063
1.215112
1.986634
1.083993
1.452646
0.350413
0.275029
0.776187
0.090203
1.624322
2.147606
2.215947
2.165776
0.408103
0.141053
0.656094
1.367106
0.518108
0.034053
0.126123
4.186407
2.827339
1.227168
0.370030
1.230877
1.446489
1.293755
1.344068
1.039028
1.010851
13.203115
5.032214
2.658592
13.203115
1.947025
1.486262
5.277777
3.688208
0.612756
1.942336
1.748592
0.385602
1.559730
0.351422
0.949870
0.501656
2.893696
1.387105
3.895780
0.764152
0.838994
2.718226
1.162092
0.042780
2.864232
2.086630
1.315703
2.316275
3.862977
4.632516
0.364800
4.213236
2.840789
3.307468
1.185478
4.735356
3.015695
6.757006
0.102959
1.263044
0.818599
4.811987
0.052120
0.133513
0.434758
1.711805
1.473240
8.382382
0.720502
1.375244
0.806109
3.062931
0.844459
0.392475
4.816689
1.502545
0.659520
0.372548
1.822965
0.609417
0.074007
0.106014
0.997837
2.843438
1.904619
1.682594
0.896128
3.708571
0.121787
1.766243
3.681051
3.549764
2.609689
2.439154
0.677069
3.960275
0.876254
0.990073
1.922580
1.979533
2.674465
2.407595
0.882194
0.240060
0.896401
6.874805
0.104780
2.940064
1.614452
2.516545
1.003031
0.544042
2.118730
1.553591
6.114218
0.987778
0.785736
1.957254
6.698639
0.299789
0.427934
3.935941
6.128693
5.273737
0.452960
1.790591
1.623238
0.026999
2.237473
1.214030
2.965682
2.161398
1.546303
1.462418
1.205503
1.090652
1.814968
0.519954
0.477686
0.796195
1.467385
0.932644
1.490036
0.859976
0.840050
1.626357
0.435181
0.729596
0.026267
0.922294
2.985637
3.039455
3.779915
1.783770
1.348256
7.634053
3.098266
0.198557
0.162404
1.448580
1.938625
0.321313
2.245278
2.444042
1.354907
0.823480
0.587056
2.164680
0.297174
1.671429
1.011915
0.101902
1.093384
0.265051
2.967952
0.178186
1.167568
2.138410
0.318600
0.615867
0.196021
0.364326
1.441823
1.705840
1.391751
0.334404
0.677955
0.990838
6.949331
1.901774
0.208051
0.657288
1.396649
0.556357
1.961165
1.997921
2.614590
1.316733
1.150145
1.175494
3.370477
0.183334
0.427513
5.545287
3.828931
4.507169
0.034222
1.580389
0.479636
4.806517
0.924506
0.573847
0.993136
0.759007
5.668889
0.035071
1.288112
0.673529
2.138050
4.405489
1.147640
2.251201
0.121075
3.012493
1.272069
0.151215
1.424371
1.527824
2.615759
0.703837
3.678112
0.249646
1.084396
0.554700
2.442340
0.699348
2.688530
2.044807
0.305360
2.382736
2.314491
3.174878
0.211351
1.190811
0.233486
0.352904
3.892001
0.497566
5.639041
0.685867
1.764777
0.750687
0.925522
2.216698
1.100891
0.694789
1.471369
0.831966
3.321206
2.547366
0.777293
0.122618
0.842694
2.237663
1.460311
0.193613
2.664348
1.875590
0.978726
0.685058
0.545090
0.300313
3.548201
0.847287
0.134528
0.743574
2.159032
5.653904
0.578799
0.370506
3.896726
4.484803
1.912862
2.919494
0.464816
0.032075
3.721844
2.906824
1.382114
0.786249
1.766536
2.524312
2.092584
0.001221
6.396094
8.222322
1.574971
0.147059
1.892637
1.822965
1.046215
2.202295
1.162302
0.350615
0.956430
0.054234
1.930585
1.166197
7.303791
4.486766
0.328278
1.215545
0.274448
0.685705
4.701899
1.718789
2.496284
0.005780
0.003221
5.063402
0.235254
2.351122
1.486011
0.663591
0.596507
0.779933
2.532560
1.136825
2.950155
0.251620
0.684735
0.438850
2.985637
2.063526
0.052692
3.417118
7.167289
2.345268
3.147413
2.521423
0.323234
0.551692
2.144897
1.264823
0.991125
0.365275
0.362767
0.676747
0.200477
7.586635
1.797139
0.286555
3.457911
1.927219
4.399241
0.884178
8.232565
0.647993
4.086031
0.774233
0.745746
1.965249
0.660716
1.384014
3.298935
0.094172
0.536871
4.953545
0.043121
3.519525
0.265437
0.500487
2.615993
0.337541
0.154172
0.639375
0.547488
1.950915
2.528766
1.918432
2.794274
0.531586
1.778007
1.436680
0.177941
2.644756
1.391274
0.344837
0.016891
0.023005
2.024251
1.514758
0.273803
1.435091
2.507487
5.538272
0.377390
1.639023
1.556854
4.633225
3.246240
0.618282
2.485148
0.495816
1.912227
2.767128
1.915406
1.978050
0.074296
0.784369
1.496848
1.703148
1.750190
0.132737
5.780056
7.519484
0.123152
0.327614
3.832581
0.135485
3.863906
1.734710
1.087723
2.668918
0.027675
0.247356
0.830739
0.104545
3.565469
0.101080
1.270171
0.024298
1.433870
0.803517
0.918152
0.539408
0.072563
0.429901
3.081570
0.210977
7.597468
0.744576
0.252768
0.844636
2.732136
1.985972
2.150682
0.041077
3.198248
0.983389
7.634053
2.214071
1.216303
0.412623
2.135893
0.721657
1.705556
0.442526
1.176872
1.881359
0.401241
0.283310
1.894209
0.256278
0.285711
3.653527
1.020941
0.047786
1.204965
1.399522
0.159797
3.617466
0.321445
0.318270
1.536588
0.792416
2.755978
0.484482
7.701819
5.217116
0.607943
1.504701
1.226732
4.383096
0.110549
3.358473
5.396874
0.717206
0.960378
0.176229
7.952291
2.443191
4.061521
1.439739
2.260411
4.542592
1.112927
0.164833
2.736129
1.246779
3.966163
3.020656
0.104662
3.711559
1.203136
3.314324
1.620801
0.366904
1.216845
5.281827
0.159434
2.502426
0.366429
0.205750
1.787474
2.516988
0.330806
1.520255
3.722274
1.535038
2.549620
1.278671
0.938027
1.569570
6.843435
4.447274
1.232843
2.395952
0.300640
2.597839
6.285428
3.292476
1.226732
0.090727
1.011722
2.882016
2.227056
3.482985
1.219447
2.240705
0.201530
4.944262
0.734576
0.305097
0.220661
0.046590
0.438850
1.260268
2.351122
0.865237
0.405674
1.595672
3.088230
2.024082
3.126541
1.758053
3.185086
3.617060
3.857412
1.928821
2.467818
0.185238
0.236644
1.034808
3.900515
0.497931
7.697987
0.039715
1.015598
0.307198
0.318997
10.826466
0.360736
0.660557
0.334404
1.677422
1.314902
2.609922
2.038837
1.953675
10.139866
0.522688
2.684153
1.717647
1.763021
0.592505
4.889539
1.412749
0.322372
7.663860
3.561136
1.189102
1.602089
2.707617
5.570057
4.097090
9.734150
0.751609
1.733990
1.919070
0.176351
0.332670
0.181004
0.743490
1.690591
0.253023
0.236328
0.519437
1.978214
0.474802
0.030269
5.136762
1.583833
0.233234
1.315474
1.724797
0.055721
1.188355
0.039545
0.486729
0.091136
3.295192
1.284510
2.362481
3.893417
5.129292
2.676399
0.082580
0.197258
0.573086
0.624373
1.286873
7.820697
2.731388
0.845696
0.469838
1.746271
1.092574
3.105600
6.271401
2.083486
3.023874
3.409502
0.599359
1.017345
4.172039
1.098453
0.570275
2.549620
4.195306
6.250562
3.095219
4.075561
5.235794
9.576925
1.810907
2.058699
0.430393
1.174647
4.733107
3.163463
4.787884
0.158404
0.247483
0.500560
0.766858
2.005262
0.919899
2.885268
0.598279
6.874805
0.800671
1.404561
0.795077
0.821910
3.242935
3.200183
1.133820
2.213508
7.099942
0.768381
1.820396
0.507588
1.766829
1.082482
2.939784
1.616611
0.282661
3.571788
2.017002
1.514375
2.945944
0.238351
0.347589
0.310289
2.676157
3.215080
2.155215
0.528912
2.801512
0.119297
1.644910
0.957370
2.351122
0.077478
0.361142
0.812083
6.146542
0.973032
1.967704
1.179417
3.608157
0.402209
0.492685
4.477626
0.400964
3.011620
3.755675
1.899406
5.112594
0.318865
3.739983
0.249264
0.304310
0.660078
3.318450
2.660988
0.972653
1.537751
0.240186
8.037921
1.471369
2.122292
0.767958
0.039091
0.208611
3.410950
0.144053
0.458307
0.580707
0.330340
0.663911
0.147059
2.549620
1.473739
2.484060
1.864571
0.693245
0.973126
1.627715
1.784806
0.958779
0.310289
3.319139
3.424036
2.082265
0.035410
2.327617
0.571794
2.555040
0.246275
0.918795
0.732416
0.159010
0.603221
1.069347
3.045962
0.536126
1.090956
0.645379
4.877328
1.507623
0.944358
0.365682
4.251359
0.427513
1.257274
1.929944
2.055259
6.250562
0.088512
0.804035
0.126064
1.981677
0.566179
0.115036
0.003110
0.658961
0.550790
1.630025
0.203081
0.420507
0.004945
2.494095
0.738236
6.433896
2.917560
2.763066
3.813499
1.837389
0.397784
1.549162
0.113736
3.635817
2.900795
0.079273
1.075853
1.272739
5.735291
4.892809
3.699210
0.806455
3.276260
1.414802
1.728813
1.375126
2.566841
1.257274
1.121646
0.312857
0.835037
0.373842
3.067723
4.245045
1.444891
3.774599
1.851006
0.062198
1.401920
0.425198
0.934869
1.049276
0.567089
0.179778
2.733133
1.000721
0.788217
1.706407
0.629700
1.800422
2.195415
0.028802
1.956602
4.475023
0.516854
1.189743
13.125734
1.484378
2.382325
1.581316
2.120688
1.667121
0.039318
0.427022
0.055836
2.171628
5.696686
5.524321
1.205073
0.668473
0.274125
1.450057
2.005094
1.533748
2.156850
1.348838
3.377930
2.220834
0.997452
1.537622
0.235064
0.639533
0.770329
3.015404
0.154474
0.603375
0.189544
1.200235
0.096920
0.022331
0.275029
0.414434
2.480800
0.418201
0.513245
0.747169
1.181541
0.315561
0.557488
1.751062
2.208080
0.088687
1.632475
1.647929
0.093646
1.938948
0.781467
9.279823
1.735574
0.912644
2.223094
1.609873
2.222529
5.052648
0.780359
2.115352
2.633385
0.715889
1.442191
3.177425
2.147968
3.831668
2.764081
2.406344
0.598048
2.652138
0.961602
0.433560
6.929156
1.575499
0.788302
7.234260
2.313698
2.360244
0.463741
0.208735
0.030946
0.075684
5.399034
0.201530
0.073545
0.913010
0.505022
0.614077
4.423731
2.199503
0.026380
1.232515
4.895265
0.246148
0.181555
2.541519
5.065200
3.581708
0.626722
0.010182
1.419520
0.644984
0.471635
1.076755
1.067449
6.174477
5.240742
1.749754
1.468629
0.070024
2.258488
3.078551
0.253916
2.820783
0.098794
4.730111
1.964922
3.193422
0.983104
0.558921
2.202854
1.106797
1.216845
1.392109
0.926722
7.947894
1.606514
1.182179
4.125841
0.872305
0.302474
0.708255
0.836883
0.055836
2.561385
1.769030
3.917663
0.088046
1.706265
1.552026
3.106825
4.029685
0.128563
0.980723
0.086824
2.069751
0.124162
9.482589
1.732838
0.060878
5.816408
0.165015
0.253278
2.814510
2.590443
1.646144
1.560253
1.015598
0.432785
0.369078
2.679061
1.583303
2.142912
1.110779
0.393439
0.966127
0.904960
0.615322
0.926168
0.567240
2.579406
0.822869
2.321042
0.978726
1.946701
1.567335
1.317534
0.443022
0.489196
0.694952
1.814065
1.538397
5.091479
0.614778
0.765674
0.002110
1.976075
4.662546
1.141185
0.377458
1.272516
0.038581
3.545469
0.705636
0.148443
1.909529
0.085777
0.218408
3.885406
5.873036
0.370574
2.868259
1.894524
6.426272
0.114386
5.941655
0.367515
4.940058
0.870513
1.746706
1.930104
0.841460
0.065014
0.450186
2.699517
0.833369
1.599947
0.235885
3.785247
0.486511
1.999587
0.460093
0.750016
0.211351
1.442068
0.362293
0.714574
1.718218
1.428627
0.038071
0.682391
0.251302
1.367341
1.286986
0.857306
3.407332
0.482455
0.181739
2.154126
0.171162
1.571807
3.129952
0.537319
0.185729
2.475380
6.707497
0.455026
2.931975
0.383751
4.043480
4.556140
2.295370
0.839698
2.268701
5.005901
1.406364
0.713423
1.107205
0.620701
1.331099
4.253661
0.501290
0.224738
0.520249
3.061735
0.021320
3.967147
4.412387
0.464243
1.674074
1.590608
1.751934
0.277096
1.205719
3.120975
4.386190
0.568529
0.100025
0.887972
0.047615
1.613643
2.697559
0.310486
0.045907
0.810176
0.094347
3.605334
0.825489
2.644756
0.326153
2.027125
0.038184
4.905124
0.189236
0.126361
2.479498
1.326950
1.796245
6.247112
1.475237
1.757323
1.211867
1.602491
0.115450
0.390067
7.491935
6.386766
2.140749
2.280916
4.000400
2.285006
1.094700
0.655218
5.315583
2.924753
0.602911
0.026999
3.457540
0.044428
1.734710
1.432161
0.074585
0.033261
0.480503
0.061681
0.270259
0.608719
0.015939
0.427583
0.913927
0.519289
1.841815
1.627171
6.548185
2.770436
4.822978
5.537105
0.967638
0.343362
2.855139
2.764842
0.264025
13.051513
1.112824
5.443903
0.675137
4.175344
0.154413
0.669115
5.307342
2.034585
0.605464
1.008434
1.403600
2.288129
2.437245
0.409423
0.234875
0.477470
0.941655
1.463658
0.136800
0.413667
1.195838
4.376308
1.269502
1.646419
2.199503
2.391398
1.598209
2.423517
0.055035
2.604103
1.978544
0.847022
0.894403
0.501656
1.199054
0.788645
1.202383
2.973353
0.892861
0.945758
0.738319
0.565876
3.220617
10.936693
1.631250
0.049895
0.054006
2.268895
0.551391
0.662952
0.268200
0.297697
3.958805
5.064301
2.427308
2.870679
3.180613
5.015505
0.059215
3.086411
2.147787
1.414318
1.508641
0.683037
1.492177
7.164433
2.935596
4.140389
0.035693
1.995758
1.077157
0.316816
2.181179
0.042723
2.996274
5.085101
0.691946
2.147064
0.117047
3.862512
3.861120
0.698126
2.795822
0.530174
0.222918
1.823873
1.473365
1.215545
2.310730
0.126659
0.009401
0.964240
1.406123
1.665317
0.287984
1.875590
0.536946
0.125053
0.701224
0.231658
2.112158
1.884172
1.721361
0.450186
0.595351
2.446811
0.153568
1.120104
4.222834
6.822030
1.852850
0.469622
1.368636
1.403360
4.866811
1.314902
4.209861
1.433503
0.105250
0.256981
2.649754
2.295566
1.166830
0.817207
2.849811
0.023624
5.089654
1.370286
2.372069
1.227059
3.058749
1.073848
5.606038
0.169882
1.624458
0.429831
5.280813
1.480866
7.029691
0.711206
3.003497
0.519511
0.919439
1.629753
1.068148
0.002499
0.426110
2.803326
1.074550
3.108051
1.479864
1.353855
0.710796
1.548252
0.244243
0.793102
0.286620
1.078763
2.121936
1.189102
0.406437
0.753204
2.720702
0.290847
2.573227
5.097879
0.674012
0.199671
1.393542
2.249097
1.449319
0.269229
6.045065
1.166619
0.387799
0.305885
3.245578
3.354958
6.413008
2.592520
0.993327
0.387799
1.634791
3.017445
2.261181
0.980342
0.835301
4.483496
2.630318
0.328079
0.813471
0.780273
3.584495
2.847153
0.983199
0.755725
1.263711
2.385825
4.466589
0.437649
3.534582
1.355141
1.485634
0.790358
2.643331
0.428707
0.190591
1.058986
3.672248
0.612600
0.615789
6.546153
6.082458
10.245516
4.579406
1.161041
0.459236
0.237592
0.720832
0.988830
0.595813
0.038468
0.273222
0.736405
3.693701
0.231910
2.012129
7.255141
0.111257
1.629889
2.659071
0.401863
2.106140
1.008530
1.227495
0.555152
0.153930
1.711947
0.968394
0.703184
2.146522
1.927379
5.401198
2.978200
2.105433
0.311737
1.294773
0.759428
0.229642
1.955301
3.413487
0.158223
2.842113
1.133820
1.016180
6.574818
0.790015
2.141830
0.361345
3.774599
2.711311
0.511848
1.102620
0.110136
2.653093
4.738360
1.456103
0.014260
0.506928
0.988256
1.881827
0.009569
0.993615
0.806887
1.132268
1.199054
1.968031
0.393852
1.472367
1.629073
1.794457
0.167629
1.227059
6.197808
3.668906
1.399882
3.431346
0.303392
0.952679
6.304893
0.696498
1.991273
1.116614
0.013086
2.711311
0.276062
3.070424
1.836322
1.969014
1.529496
0.105132
6.904249
1.358300
0.096043
0.258451
4.339724
0.110431
0.136980
1.042471
0.454385
1.145139
2.452147
5.343676
1.518591
1.414077
6.657141
1.439127
3.800440
0.501583
0.197753
0.192132
1.276094
0.338877
3.382203
0.902771
2.813989
2.514331
0.261076
1.302139
0.541125
1.131441
2.688043
2.854872
0.447417
0.013310
0.809916
3.808535
4.260005
2.077388
1.211867
0.047501
5.221032
3.793274
1.900037
0.510451
0.763899
10.586358
3.489402
0.745746
2.265612
1.989781
0.908341
1.132785
5.335306
1.416252
2.483408
0.704001
0.170126
1.742650
0.132797
1.286085
1.611219
0.692595
0.615322
0.387043
2.005429
0.539184
0.345844
2.029665
0.076320
9.482589
1.190277
4.431968
1.972623
1.802813
1.335951
1.939754
2.610388
1.576291
0.395231
0.431448
3.695817
0.926076
5.113518
1.263044
0.071004
5.660133
1.429358
1.138900
0.019693
3.273236
0.721492
0.997260
1.323959
0.650530
1.795649
1.137758
1.081476
1.970326
0.152180
1.283723
0.208424
0.878322
1.927059
0.090902
0.576055
2.871756
4.283263
0.609261
0.548613
2.360041
1.040994
1.737160
2.625139
5.097879
0.005001
0.367311
1.732694
1.941690
0.558167
1.300663
0.505535
0.152300
1.786288
3.394365
0.055149
0.435181
0.296455
0.624295
0.580707
3.207292
0.022219
0.740069
8.065822
5.409876
1.083690
3.509174
0.546888
1.942820
2.159214
0.415270
0.838114
1.645870
3.497741
1.125558
0.955398
0.003277
0.371731
1.088228
1.686939
1.688904
2.669159
1.723937
0.132259
0.519584
0.053091
0.739152
0.414016
1.531943
0.106367
3.072528
1.092473
1.588081
0.508322
0.153628
1.945407
1.308851
0.303523
0.452533
2.241657
2.323430
0.245005
1.107103
2.271989
0.115036
1.544226
0.256278
0.954835
1.336645
1.033044
0.433278
0.059215
1.196481
2.664348
0.910537
0.844989
1.098453
5.275756
0.972558
0.428847
1.691294
0.902498
1.937820
3.936424
6.199486
0.912002
1.855619
0.371594
1.738026
4.156691
1.272516
0.631506
2.262913
2.736879
0.094873
0.020366
2.306187
1.482245
1.173165
5.962166
1.902564
0.072620
0.770923
0.025142
2.111095
3.067423
5.366891
1.758053
0.051150
0.245259
1.581316
0.687000
0.584835
0.078520
4.109812
0.131901
0.509570
1.010657
3.741285
2.418264
1.314102
1.946539
1.375717
0.606703
1.535942
1.554112
6.245390
0.141412
3.870889
1.758344
3.044185
3.612603
2.582159
1.840135
2.173828
2.597376
0.747420
0.658164
3.278616
3.862512
1.345695
2.002255
0.642375
3.802685
0.524539
2.463081
0.170004
0.182414
4.117809
1.889497
1.710667
1.520383
0.377799
0.519141
1.658259
1.421337
1.111801
2.778603
0.305885
3.024166
1.578141
0.969718
4.853149
1.248101
1.053233
0.414504
0.157375
1.561301
0.570806
1.172531
0.164286
3.056661
2.246805
0.015323
10.442268
0.778825
4.674843
0.124756
0.543892
1.883077
1.769030
2.213883
1.916998
0.054406
0.730010
0.738403
1.155271
1.358535
2.541968
0.026605
1.368283
0.446707
1.521664
1.040994
0.164286
3.375798
1.268610
0.118586
0.611979
3.572184
0.073082
0.969813
0.405743
2.034755
1.559992
4.878139
0.150612
0.589971
0.940910
1.038046
4.089184
9.945371
0.757744
1.637930
2.641907
1.530912
0.807406
0.987205
0.868902
0.612367
0.103076
0.460665
6.725345
0.899947
0.676747
0.053606
0.009123
1.183349
6.646376
3.857875
0.110195
0.197196
4.617685
0.084730
0.281949
0.665991
0.729679
1.509532
4.495952
0.656014
1.337456
0.214720
5.713314
0.034166
0.382998
1.924498
2.132304
2.343253
0.943426
3.490537
0.053720
1.139419
0.363512
2.247377
0.778485
1.317420
17.643746
0.863362
3.864370
1.526411
0.195836
1.985476
0.239490
4.029685
4.328291
0.280459
0.793188
0.305819
0.927646
0.857662
3.376153
0.316882
3.133369
0.411927
3.765773
0.356546
1.355843
1.505844
0.254043
0.248755
0.705881
3.222575
1.614452
0.657368
0.332404
0.219847
1.157682
3.766653
1.417341
1.304184
0.857751
3.772388
0.788045
2.666511
0.338276
4.257119
2.251967
0.702938
2.413026
0.529580
1.017053
0.365072
0.341955
2.049940
1.545524
1.961002
1.424493
1.382589
4.656788
0.781552
2.598071
1.281588
2.073913
0.886616
2.173828
1.812711
0.565573
1.000240
0.263832
3.340963
1.496090
0.657766
1.773881
2.539275
0.951180
4.040918
3.534194
4.469828
2.592520
0.069216
1.967213
0.472714
0.599822
0.273158
0.348933
2.697070
2.587908
0.591276
0.729264
2.408430
0.350076
0.870961
0.460951
2.062490
2.676157
0.933571
1.134648
3.766653
5.655148
6.202847
0.193674
3.921496
0.937283
1.152445
0.455881
0.298677
0.343228
0.136561
3.041523
2.836295
0.417363
1.645870
6.707497
0.664231
0.074411
2.524757
0.188005
1.141497
0.161252
2.154671
0.132737
0.052806
0.635830
0.838466
0.259347
1.489910
1.669204
1.672264
1.139419
0.096569
4.671218
0.987683
0.187820
1.521023
0.254299
1.534264
0.502241
1.730680
2.653332
2.164315
1.820245
1.226841
4.469180
0.277354
8.014993
0.648706
0.013198
3.582504
0.308053
3.636227
6.534004
0.904960
0.125291
0.536871
1.311703
0.846668
0.128563
0.308842
4.154509
1.465769
2.501547
2.729395
0.155984
2.897788
3.163147
1.429114
1.357247
0.016499
0.451040
0.588359
1.391036
1.226296
3.898146
0.134827
1.168728
1.989118
1.187396
1.764192
2.205279
1.954813
1.372528
0.341487
1.506861
2.170530
0.173846
3.432812
0.601289
2.831285
1.574971
1.536200
0.210105
2.013808
3.156837
0.540229
1.498998
1.124321
5.325937
1.520255
0.171162
0.063979
0.324228
3.697937
0.060189
1.366517
0.185545
2.073739
0.382929
0.000499
2.183022
0.578570
3.646505
2.060421
0.844459
2.086455
2.299296
2.740883
0.884448
3.271557
0.564059
0.823742
0.371663
10.530977
0.923492
0.418481
2.061283
0.627897
2.248524
0.226308
0.191762
1.178993
0.077420
2.435974
1.442313
2.289105
0.072909
0.463598
2.735380
1.489658
0.163072
3.162515
0.821910
3.474339
1.097641
2.882286
2.931418
2.829969
0.025873
1.910322
1.952538
3.269211
0.802309
0.372139
0.844459
2.345066
1.903986
0.548988
2.612021
0.588053
0.179043
3.048038
4.000901
0.436027
0.700327
0.102665
0.692352
2.413863
1.458948
0.756145
0.918979
0.081651
4.273342
1.954325
1.960839
1.454497
1.870926
0.476244
4.291474
6.705279
2.523423
0.337474
0.169456
0.117580
1.950915
2.088379
1.644362
0.266015
1.133613
2.735630
10.442268
0.401171
1.259491
5.155574
3.965181
2.979914
1.580918
2.625844
3.906213
1.044933
2.798924
6.865095
0.910445
1.508132
0.208300
3.683574
0.505242
0.302605
3.210209
1.444891
2.477980
3.097656
5.204446
0.068179
0.713259
0.721739
1.243477
1.822663
0.598665
2.235764
0.325356
1.428871
2.681484
1.851620
4.896085
0.494505
1.833582
0.868186
0.407686
1.218363
0.251429
4.783256
0.349471
1.588745
0.356951
1.867203
3.809436
1.969670
0.488688
0.071754
1.788364
1.943143
0.761283
8.343755
0.718935
2.900248
1.191452
0.058355
0.966977
0.304638
3.125922
0.016835
2.825764
0.383888
5.225940
2.706633
1.734278
2.780394
1.879330
0.302671
0.582846
2.155034
0.942400
4.308009
0.848348
5.365829
0.247928
4.105031
0.211787
0.174151
0.478986
0.358978
3.665153
2.990804
2.156123
0.537393
0.798604
3.318794
0.279423
0.339345
0.342893
2.246232
1.568912
2.218201
0.185176
0.384231
3.341312
0.851093
8.237708
0.000610
0.909072
1.051154
1.731975
2.143092
1.366753
1.989615
0.526465
0.421277
1.612161
0.064669
1.006695
0.100611
0.626878
0.276191
1.678399
1.643539
2.632677
1.172425
0.410466
0.910994
0.820254
0.736987
2.555040
0.200724
3.902887
1.459320
1.516545
3.611390
0.544117
2.929194
2.292822
1.943628
0.730259
1.871858
2.541294
1.839219
2.827602
0.173114
4.205370
3.311579
3.780359
3.639510
0.315429
0.620076
5.301185
0.159313
0.199733
5.846574
1.209384
1.669760
2.578489
1.407326
1.987958
2.213321
0.814079
1.224554
0.065819
0.934127
0.902862
0.837674
1.125145
0.019469
2.052683
3.617872
3.751303
0.558242
5.138635
1.350587
5.187047
1.979862
1.813012
1.982337
0.578189
0.606161
0.833369
0.870603
0.389791
2.607592
3.571788
0.370846
2.581011
2.067500
1.821454
0.389379
0.072101
0.111493
0.957088
0.810956
0.658005
0.404703
1.219230
2.283642
0.365954
1.473365
6.233377
0.141952
0.945478
4.137146
0.290066
0.400065
0.438214
1.110370
6.351746
3.444949
0.060878
0.604071
3.164096
2.563883
1.262377
1.341165
1.567466
4.108749
1.093485
3.460515
0.307921
0.230902
5.262672
2.677124
1.400841
1.457835
4.697484
7.526437
1.227386
2.522756
1.774764
1.571149
4.310977
0.172748
0.603994
0.472139
0.114800
0.759681
0.644667
0.272900
1.979862
4.280340
0.863362
5.380750
0.041928
2.108616
2.971646
0.662233
0.370506
0.119652
0.946318
0.783003
0.853043
4.722644
0.676666
2.944542
1.669899
0.514423
0.199362
3.977999
2.524312
0.333337
1.102925
3.103152
0.054749
0.097623
3.194708
0.073718
0.169273
1.207550
0.806282
6.494087
2.061283
2.090480
1.252406
1.118153
0.347858
0.615167
1.301004
1.893895
3.168528
0.005279
1.012303
1.275423
0.103193
0.117343
1.389844
2.263106
2.044807
6.360897
0.029987
0.268457
0.751693
1.273969
3.082175
1.697776
0.174090
1.074049
0.732416
0.417294
0.801188
0.002943
0.045566
3.018028
0.401379
0.873381
1.457216
0.170430
0.426110
1.321432
1.234155
2.048912
3.621121
0.843665
0.626957
2.416167
2.089079
3.167260
1.194232
1.922580
0.100963
1.622831
2.974777
0.097740
0.083568
0.273416
0.691377
3.700059
0.122202
0.195342
0.103957
2.148691
2.238803
0.205875
0.924506
0.196021
1.789848
1.412870
1.994760
0.418131
2.723430
0.354994
0.176596
0.220536
3.898619
0.339680
2.482973
1.486890
1.126795
0.785907
1.213057
0.839698
0.522245
0.703919
1.588745
0.087289
0.863362
0.647121
0.057839
0.242784
0.280200
0.390410
0.472139
1.519871
2.233678
3.599700
0.090961
4.040918
1.597675
0.082290
5.079652
0.567164
0.509570
4.498585
0.235949
0.592352
2.096974
2.490380
1.259935
1.591673
0.686272
1.774028
0.794047
0.413041
9.114023
2.301459
1.019871
1.800422
1.514119
0.095984
1.286310
1.213489
2.419313
0.493121
0.091194
7.199011
1.836779
0.339345
0.024130
3.065326
4.455618
0.236012
1.036083
3.237988
2.187267
0.455881
3.577734
0.146457
0.618828
2.809820
0.497566
1.305435
3.882587
1.144306
0.796539
0.163618
0.487236
2.079999
0.913194
0.924230
1.461674
0.667752
2.580323
1.972459
1.165565
0.183211
2.088904
0.374524
1.240950
2.751941
2.911221
0.194847
2.031360
0.768381
0.376229
1.428749
5.362648
1.018996
0.106603
0.029028
4.945104
0.717700
1.732838
0.278776
1.350937
1.462666
0.476388
1.433625
0.281689
1.104758
1.251191
0.096920
0.008342
3.147100
0.565801
5.475194
0.414573
6.564529
0.563378
1.356310
0.005668
0.603143
0.868007
1.561301
0.274190
1.802215
0.403525
0.291433
1.305890
2.283252
4.818260
0.385122
0.149708
2.453857
0.510598
0.820777
0.703184
0.908524
0.385054
2.203414
0.204011
1.794308
2.343253
0.862203
0.661993
0.399719
7.895942
0.516781
9.534393
0.982627
4.250785
1.044342
1.663377
0.217782
0.408311
1.942982
3.039455
0.484337
1.061272
1.184626
1.841967
0.194168
0.325157
0.632055
0.928016
2.526538
2.309544
0.316552
0.129457
0.772280
4.465295
0.575369
2.374525
0.250346
0.057897
0.542920
1.478362
3.764893
0.748508
0.074238
0.256661
0.706127
1.999920
1.089541
1.056206
1.454374
0.351288
0.793617
0.942960
2.616929
3.530322
1.139730
0.604536
1.095106
4.485457
1.707542
2.851141
0.992944
1.643539
1.710241
0.608874
1.721361
1.443295
1.494953
3.302685
0.486076
0.763392
2.014816
1.575763
0.272900
0.424567
0.960472
0.231028
4.637487
1.661854
0.387524
0.936169
2.304018
2.099790
0.580020
3.474714
0.323499
0.786163
0.257684
0.254554
1.179842
2.994545
0.028859
0.835564
0.313912
0.923768
3.921975
0.413528
0.488688
2.236524
1.162408
1.170523
1.509404
1.461054
2.087155
4.468532
0.241580
5.741805
0.062945
2.078084
2.906275
2.250244
0.866398
0.150250
1.588745
1.573520
1.729531
0.667832
2.346881
2.957197
1.643265
1.574839
2.371251
4.911727
7.780201
1.131131
2.287543
1.778597
0.521431
2.746152
0.202956
1.183987
1.269279
4.251359
0.150793
1.340817
1.122469
3.109892
2.956914
0.965844
0.361345
2.588599
3.749557
7.011232
3.161568
2.790665
5.589158
0.355129
0.335004
0.279423
0.158041
0.112496
0.121965
2.500011
1.676445
3.486002
1.605306
1.794457
0.378687
2.419313
0.119830
2.096623
5.596373
0.971043
2.452788
1.688623
0.166839
0.155199
0.550339
0.575902
9.402656
3.678112
2.263684
1.313416
0.973221
0.794133
1.033730
1.451906
1.209276
0.566331
0.709730
5.369016
0.442880
5.000684
3.405886
1.155899
0.751358
1.655775
1.176766
1.812861
0.026380
0.329475
2.757242
0.675620
0.801792
1.394736
3.707718
0.594813
0.495306
0.059731
1.040109
6.214659
0.809137
0.169090
0.164043
0.718441
0.062600
2.533230
0.421486
0.246021
2.051826
0.204508
0.110077
1.383657
1.073047
0.441465
0.748759
0.661035
0.038468
1.993431
4.378774
1.131854
6.931666
0.688620
5.313519
2.650946
2.402804
0.742071
0.333537
3.383273
1.356661
0.277289
1.019093
0.704491
0.939607
0.670558
0.792931
2.868796
2.104197
0.108487
0.493194
7.474927
3.674340
0.987205
5.406617
4.721155
1.047005
1.914611
0.056236
1.351053
1.564840
0.046078
2.410518
0.734077
0.417643
1.468878
0.408381
3.917184
0.775847
2.687070
1.276990
1.049770
0.616023
0.287529
2.755726
1.144201
1.177826
0.471779
0.312330
2.401556
2.007938
0.246339
2.269088
0.673128
0.508469
0.927276
0.319857
0.847906
0.409701
6.054342
1.299642
0.236580
2.738380
0.214595
0.901040
1.982337
0.331871
0.454313
0.596353
0.424357
0.664311
0.583229
0.770329
0.983485
0.416107
2.539723
0.236517
0.539930
2.688530
0.036372
2.431530
0.362632
1.783030
2.761798
4.459483
0.020030
3.276933
2.255992
1.112210
0.755641
0.173358
3.389348
1.112927
3.013948
0.497347
3.220291
4.463355
0.199176
2.054400
1.775501
0.017115
0.011020
1.493943
2.448943
2.508589
0.802568
0.654980
1.832822
0.361480
0.552368
0.717782
0.705554
4.689418
0.902771
1.415043
3.046259
0.440970
2.275671
1.310448
1.205073
0.389517
1.303729
2.947908
5.534774
1.882452
0.031285
0.987492
1.469999
4.915866
1.318795
4.072431
0.068755
0.680212
0.554324
4.275089
1.390082
0.827499
0.092478
5.450563
1.044145
2.715259
2.687800
0.036259
0.504070
0.281495
3.311236
2.491690
7.334872
0.162950
2.616929
10.082141
0.704001
0.690728
2.847153
0.859798
4.462709
5.083282
4.081312
1.759366
0.248182
2.015656
7.395431
0.696498
2.233489
0.412901
2.084359
6.926650
1.233718
1.064159
1.291044
3.574957
2.673258
3.128711
2.885539
1.564971
0.806368
0.973411
0.436238
4.464002
0.034731
0.165987
0.454171
3.364818
0.620935
0.840227
0.647755
0.402902
0.718935
0.650134
0.670318
8.108494
3.582106
5.148026
2.985351
2.895605
3.417481
2.852207
2.111981
0.551842
4.546645
3.119740
6.068346
0.168664
0.441677
0.714327
0.111965
1.519743
2.285981
0.784967
1.014822
0.117402
1.762143
3.795511
3.713697
1.113336
4.764859
1.228585
0.863987
10.308763
2.557530
2.789893
3.408416
1.312731
1.386034
0.308973
1.284622
1.326144
1.856543
0.598742
0.985678
0.156408
1.588745
4.845958
3.678951
0.066797
0.709238
0.893315
0.019805
0.927738
3.206645
0.313451
1.717076
1.461054
1.100586
0.409562
0.432011
0.169699
0.502387
0.958591
1.603563
3.356363
2.403220
1.405883
3.060540
0.057553
0.913285
0.699104
3.144909
0.027056
0.488833
6.171168
2.426465
1.709814
2.364924
2.933645
3.964689
1.074650
1.714083
0.419459
3.053683
0.734326
2.073913
1.849011
0.215344
0.167873
0.306082
4.334299
1.133924
3.200183
2.233299
1.086109
2.195786
0.298350
2.627020
2.970224
0.488034
0.444226
0.322505
0.050294
2.264262
0.326285
2.557530
0.498150
0.453245
3.529549
0.117816
0.097623
4.371388
0.949589
1.513864
0.126480
0.787190
1.132785
2.333615
0.371526
1.248432
2.307174
0.720996
4.878951
1.518463
1.711094
0.568909
1.368165
2.316672
2.092584
0.698778
4.569790
3.486757
1.631113
0.041588
1.160201
0.788045
0.375820
0.613300
1.596339
0.333937
2.074260
2.643094
4.174793
0.077825
0.781041
1.871547
0.795335
0.467540
2.428363
3.808084
2.802030
1.460311
3.294173
1.429114
0.659520
0.349606
0.437085
0.751861
0.313714
3.565469
1.421337
3.311236
0.676264
0.250792
1.344416
1.808805
1.045623
0.266914
1.889811
3.963217
1.570622
1.641348
2.772984
1.208737
0.296325
1.705698
0.090436
0.567164
1.426437
2.599229
5.087831
1.378794
0.042780
0.603375
0.355466
0.776612
0.295998
1.993929
0.553271
2.915353
1.067050
1.461054
0.348664
2.382942
1.270283
0.506635
0.443801
0.209918
0.655934
2.075649
1.090551
1.590341
4.072953
0.489559
2.231784
0.746165
0.422956
0.303326
1.776827
3.265529
0.417922
8.954431
2.192448
1.432405
0.136860
4.399865
3.133679
0.517518
2.119264
0.261332
0.457451
13.368519
0.159918
1.094903
0.842430
0.849764
0.216782
0.182046
2.358416
0.096452
0.075568
3.086714
3.482231
0.838466
0.635672
1.436191
3.361995
4.261739
0.125350
1.052045
1.401080
2.207706
0.005724
2.081567
1.245128
0.510084
2.207146
3.858338
0.387936
2.340035
0.476388
0.904048
0.941562
2.590905
0.845784
1.026690
0.561866
0.219221
3.451974
0.656332
5.415322
1.332137
0.444793
1.651091
1.075652
0.428215
1.867823
2.173094
0.995149
0.502168
0.693732
1.076755
1.646831
0.418970
2.156850
0.661195
1.872479
1.007951
0.591199
3.458283
0.106014
0.461380
0.367447
6.482280
5.931485
0.831440
0.391580
1.577480
0.749513
0.562849
1.337108
0.412692
1.778007
0.078346
8.704974
0.623591
0.343027
0.067776
3.971578
1.582243
1.332830
3.719696
0.279941
0.858463
5.419690
1.867048
0.255575
0.109017
0.658403
0.790015
2.544215
2.202854
1.357949
0.328212
0.084555
0.241517
4.058933
1.570886
0.054863
0.422746
0.955679
0.222667
0.040452
3.459771
0.741070
1.753680
0.229138
0.889329
0.679405
2.526315
0.147360
2.996563
0.105720
2.779626
0.701632
1.889654
0.174823
0.596121
0.541873
3.529935
1.203028
2.581929
2.073913
1.385083
0.103840
4.901832
0.963675
3.110813
0.072043
1.756157
5.593965
3.352852
1.880734
4.446633
0.772365
0.037788
1.293868
2.294585
5.259666
1.638887
1.234374
0.457237
0.793617
2.222906
2.887167
1.049177
0.452818
4.084981
3.583300
0.799723
0.218470
0.737237
0.060878
3.391138
0.413389
1.964922
1.065056
3.861584
6.266169
2.482321
0.162283
0.368874
1.827356
0.475090
1.470622
3.883996
1.571412
0.417294
0.985296
0.578875
0.963581
3.312265
2.103139
0.622341
5.413141
0.708173
0.767365
2.632441
3.002050
6.812598
1.046413
0.145074
3.223882
3.343056
1.876368
0.606316
0.112909
1.761850
3.241944
0.733246
1.248101
0.668153
1.498365
1.035298
0.732001
0.748257
8.836134
0.431167
4.170388
1.740770
0.355061
2.136252
0.100318
0.559600
0.414852
2.600156
0.387318
1.006599
0.302605
0.316750
1.865964
6.241949
0.776698
1.742940
1.832214
1.088632
3.487890
0.435604
1.588878
0.333270
2.233868
1.571412
3.732619
1.825235
3.327422
0.004556
4.213799
0.778996
0.304966
0.112437
1.580257
0.369826
2.484278
3.402999
0.000333
0.494213
2.227623
0.962450
1.273857
1.253953
1.324649
1.221619
3.752613
0.321048
1.119282
0.229957
3.420027
5.508180
0.077883
0.502899
2.166872
0.584453
4.175896
3.873222
0.115745
1.522817
0.267107
8.212136
2.865037
1.995425
1.585956
1.476612
8.427557
1.484880
4.674843
0.151818
6.587243
0.756229
0.392406
7.713363
0.928755
2.490380
1.555548
0.167082
0.518625
0.134528
7.812525
2.161581
3.883526
3.486757
1.036083
1.074950
4.602277
0.263447
1.585159
1.150145
0.251047
2.025603
1.307256
5.991876
0.091544
4.433239
0.315759
2.889613
1.615126
0.204011
0.809743
0.415759
0.620623
0.849322
0.023624
0.401656
1.223684
0.172259
0.669917
2.586757
0.204943
1.013368
1.203458
1.013368
0.511921
0.874817
0.188866
0.847994
0.834422
0.313451
0.576664
1.409614
0.474226
0.473434
3.738681
5.943112
0.663751
4.788657
0.222103
3.386129
4.840385
4.479581
1.421823
1.256831
3.545469
0.803258
3.472090
2.388094
1.175388
0.346246
1.423764
2.711311
0.874189
0.360127
3.486757
0.822695
1.409855
1.204319
5.325937
0.065359
2.491253
6.705279
3.226825
0.547188
1.727091
0.499756
5.962166
1.233718
2.869065
2.689260
0.038128
2.423727
1.978214
2.834975
2.987645
2.268315
0.366632
1.376664
2.477113
0.488180
0.307264
0.796969
5.414231
3.805382
1.668648
1.250197
0.747420
1.348489
1.117743
3.170431
2.406136
4.527804
0.796367
1.031869
1.129374
2.637878
1.775501
1.004477
0.854907
1.374417
0.745412
2.331814
2.858878
1.166197
1.370286
0.534711
0.726035
0.118645
0.814947
0.790615
0.123984
0.731254
0.985106
2.274508
0.074007
0.582158
3.918620
2.651661
1.349071
4.073474
2.867453
2.818428
0.111729
6.383047
0.168542
1.665179
2.294978
0.318931
2.173278
0.451680
1.434602
1.332022
0.788217
0.588590
2.127113
0.050865
0.824615
1.464403
0.256470
0.490576
0.161131
1.254727
1.404561
1.697070
0.519880
0.088687
0.344368
1.884328
5.336350
1.649578
0.768466
1.020357
1.004959
1.170206
0.831966
1.735430
1.039716
2.603173
1.209060
1.329599
0.829074
2.784239
2.543765
0.846580
3.466480
0.294106
0.689187
0.752281
0.188189
1.889340
0.148864
0.891955
1.848397
3.625599
0.463240
1.757907
2.344462
3.749120
1.443909
0.269422
0.185852
3.010748
0.141472
0.104545
0.725787
2.229891
5.221032
2.456641
1.180054
0.995341
0.009067
3.867161
0.534041
8.685103
0.233108
1.156947
1.055710
0.585754
1.745691
0.691053
2.547816
0.439344
3.842197
0.275674
4.186962
1.504067
1.388891
4.116741
0.032188
1.004284
0.430815
0.832492
0.492248
1.084597
0.736821
1.994428
1.564709
0.043746
4.565684
2.229324
4.010445
0.660477
3.506118
0.541798
0.153507
1.047597
1.729244
1.989615
0.695521
2.998871
3.937876
3.302002
1.079265
1.948321
0.162708
1.612027
0.763223
4.782486
0.446069
4.855553
0.907701
1.941851
0.092945
0.986919
3.610177
2.747661
0.156287
0.237086
0.734243
2.096798
0.566937
0.751022
5.176495
0.789758
5.772076
1.800870
1.949293
1.041486
0.081013
0.583917
0.588206
0.229076
2.553910
2.511016
0.901495
0.177024
0.180023
0.624530
0.060304
1.300436
0.841901
0.377321
0.428707
0.501656
2.897242
3.398317
0.118941
0.598742
1.801468
0.535455
3.476215
1.993265
3.006684
4.891173
1.249204
2.351527
1.590475
5.163154
4.026634
0.032866
0.120364
0.165501
2.204159
2.905452
0.412762
3.646505
3.978988
0.803086
0.285061
0.594890
1.804759
0.155561
1.030109
0.188251
4.628974
1.535426
0.051150
2.016665
1.343835
1.923539
1.771086
3.630497
1.218146
1.984649
0.412484
0.528467
0.021040
2.964832
0.756145
0.218595
2.752697
4.948476
0.345173
0.808011
1.561824
1.935405
1.464031
6.468602
0.746750
0.010517
0.706208
0.096569
0.889329
1.808355
0.374728
0.121668
0.140333
2.547366
0.322240
0.878412
1.323729
3.066524
0.107544
2.301065
2.103315
0.180329
5.701787
1.379979
1.396769
0.374933
0.371118
0.054006
0.986441
1.932351
2.261566
3.071626
1.161461
2.305595
1.154328
3.113886
0.474298
0.682956
1.460063
1.561301
0.300444
0.820254
2.583307
1.108327
0.670558
1.760827
1.134441
5.252671
4.553422
4.262318
0.575521
1.465024
7.382513
0.171040
0.986155
1.164407
2.283837
2.125147
0.974264
1.426924
9.412458
0.831352
3.651046
1.913021
1.481493
0.487309
6.026653
0.255575
0.299658
0.577350
1.697352
0.620154
0.831440
2.234626
1.757761
1.721504
0.806541
2.300475
0.074700
2.771964
0.384025
0.589050
5.291990
0.143813
0.022949
1.269948
2.772984
0.513540
2.809820
0.780018
2.032887
1.188355
2.818951
6.990363
1.983493
1.365106
1.636428
2.016665
0.890324
1.649440
2.780394
1.639707
0.194230
0.181310
0.123746
0.670398
1.595005
3.320172
0.096335
0.681261
3.349697
2.873911
0.904413
1.288676
0.202088
5.892784
1.264823
4.263475
0.161009
1.226623
1.588214
0.989403
5.293009
1.803561
0.347388
0.222416
7.069888
1.571017
4.992886
2.238613
1.046610
3.767535
4.130139
2.250436
1.239194
0.833632
3.815760
0.055321
3.015987
0.969529
0.674816
0.897219
1.976239
0.771856
0.349538
0.901222
0.230776
3.461259
0.569440
1.594738
0.419948
0.687648
1.365224
0.855085
1.501404
2.536810
1.764631
0.234622
1.367341
0.937097
1.385915
0.527799
0.307987
1.630433
0.810090
2.660748
0.167264
5.451675
0.044485
5.636576
2.908197
1.576951
0.293453
1.922580
0.279035
0.577960
2.796597
5.068802
2.190040
0.807233
0.473506
1.454991
3.727008
0.637326
1.870926
4.328891
0.397232
1.570096
2.139309
0.111670
3.732619
0.131305
4.804957
1.001683
4.739864
0.774402
0.257492
1.846711
0.052977
0.302474
0.707436
0.883456
0.912827
1.461922
2.058699
1.351870
2.612488
3.806733
0.117224
0.874368
4.271016
0.120660
0.898855
1.379624
1.897830
1.184307
1.409132
4.772502
3.645269
2.976488
0.077362
2.267735
0.967544
0.226685
0.544192
1.507623
1.178887
2.209950
0.569364
4.271016
0.665831
2.573455
0.364665
3.331231
2.828391
1.309421
0.189359
0.288179
3.434646
4.874895
1.054025
0.340483
0.258323
1.325799
3.479221
6.570695
5.377543
0.863987
1.005730
1.513226
4.846756
0.192255
0.992753
1.582375
0.927276
1.459691
0.530620
0.478192
3.862977
0.396266
4.550031
3.767535
2.560477
0.019525
1.693828
0.110962
1.310676
1.728956
2.246041
0.865773
1.540338
2.057838
5.266688
6.646376
0.248628
0.492321
3.034443
0.073025
0.050408
6.904249
0.191269
0.334470
0.184378
0.188497
2.029326
3.923415
4.678476
3.439790
0.489777
0.416386
1.460806
0.719347
0.706045
1.536975
0.098150
1.814065
0.389379
0.000721
1.072347
6.578951
4.171488
2.927805
5.224957
3.164728
0.400964
2.067846
6.956954
2.249862
1.477237
1.732118
7.645173
2.370842
5.786733
0.658882
0.965089
0.941283
2.408430
1.495711
4.605069
5.562945
0.243736
1.191345
0.527206
1.524356
3.074032
2.428363
2.309544
2.975062
0.259411
3.332965
2.973353
2.075476
0.301426
2.239564
3.141782
1.456103
0.971043
0.906330
0.222354
0.903136
1.150981
0.648785
2.628668
1.459196
8.191934
2.584916
0.569895
1.622290
1.840593
0.564968
0.336940
0.588359
1.030206
0.584300
0.156105
0.807406
3.210533
3.275924
0.233423
0.378004
0.432222
6.599754
0.309499
2.867453
0.089270
0.230965
4.355487
1.275535
0.931439
1.050067
0.684249
2.229324
0.048356
0.983866
0.300378
3.296212
2.695359
1.399283
0.941376
0.402694
1.277774
0.866756
0.628446
2.194302
0.553948
0.039488
1.227713
0.209046
3.933043
0.083684
1.137343
4.229639
2.993681
0.026831
0.952397
0.748843
0.538288
2.660509
2.503745
2.925862
1.497733
0.815990
2.145077
0.090319
2.907647
0.013533
2.746152
1.059781
1.209923
3.596889
4.131754
2.448090
1.480992
8.671976
2.567752
1.562873
0.687081
0.850739
0.568453
0.395231
1.669760
0.562622
2.975632
1.418551
4.054283
2.892879
3.024166
0.669516
1.424493
0.211476
2.362277
0.042439
4.025110
4.675569
2.281305
2.746655
1.080270
3.192137
0.231469
2.149053
4.138767
0.350884
0.341018
2.147064
0.203577
4.533167
3.736947
2.333816
3.877431
0.413180
1.449565
6.112617
2.111981
0.224989
0.069966
0.332271
0.061566
0.840050
5.861847
2.007101
2.655004
0.689674
0.151154
0.468114
7.013858
0.203577
0.375479
0.474442
2.406969
0.796023
1.229349
0.891049
0.840403
0.272384
9.216966
1.282711
1.480866
2.121401
2.862892
1.014337
3.442368
1.669760
3.039160
2.405510
5.375407
4.898546
4.226233
0.670478
0.897855
0.010852
2.891517
0.786163
3.901463
0.591046
3.872289
4.940898
0.016723
0.208860
0.542695
2.185051
1.285972
2.799441
0.106250
2.822878
3.588484
1.818434
1.175388
1.648066
0.960849
1.476612
1.323499
1.077558
2.181548
3.790595
3.829842
2.788863
0.602370
2.668918
7.338010
6.076172
2.284421
0.390342
1.671429
0.540378
4.982541
1.691013
0.095283
0.263575
2.583997
0.783515
1.000240
1.108940
2.265805
0.064726
3.129331
1.803711
4.609265
2.543091
0.137877
0.778229
0.546363
1.221510
3.949041
0.012695
1.272963
1.475612
4.462709
0.839786
2.077214
0.935240
2.224225
1.680355
0.804640
1.855157
0.003888
0.538661
0.123093
1.799675
0.791387
0.621794
1.656878
1.147849
1.332368
2.438305
0.895402
2.423937
1.827205
0.215907
2.149596
3.107438
1.590741
0.225931
2.851141
0.352567
1.599546
2.936712
4.869232
0.893496
1.018219
2.262913
0.476676
0.708993
0.765674
0.317741
0.541798
0.575826
6.340826
0.377799
1.286648
0.910079
0.910445
0.718688
1.231641
0.697963
2.369820
2.525647
2.010451
0.503778
0.379166
4.324096
4.527804
0.827674
0.292541
0.463383
2.816338
0.044542
0.281236
8.901726
0.507808
0.751106
0.586673
0.001055
0.212598
2.474947
0.020254
0.076378
5.463957
0.485134
3.089747
3.550546
1.614722
2.005596
1.783326
1.871702
12.720019
6.860259
1.556331
2.004426
2.745901
1.773292
0.038468
0.305228
4.677749
0.291108
0.536797
6.062108
0.236960
0.314308
4.926671
0.434828
0.637799
1.623915
1.919388
0.913010
1.636019
1.642307
1.997754
0.231154
1.512079
4.042968
0.413598
0.081825
2.388506
5.012881
0.757744
0.200539
0.575141
2.425201
4.798730
1.824932
0.072909
2.010116
1.306801
1.126795
1.850392
0.272255
2.408430
1.645458
2.625844
1.004187
0.343295
1.500897
1.399283
1.444032
0.188189
0.040793
0.086824
1.354907
0.218157
2.432587
3.144283
3.189890
0.253086
1.224772
1.088228
0.937097
2.070617
0.085951
0.101256
0.211413
0.002499
2.590213
3.618683
3.990908
3.975527
4.304453
1.582110
1.377610
2.575742
0.776442
2.715506
0.882013
4.580095
1.709814
0.016947
3.248226
1.257385
7.045663
4.856355
4.250210
10.214699
2.232352
0.075221
3.346898
5.179367
4.381860
0.798259
8.279388
1.779335
0.575826
2.116063
3.200183
0.782917
0.245767
2.585606
1.294320
0.438355
0.061624
3.632541
2.416796
3.367999
0.986155
0.680535
0.703020
0.151094
0.908066
0.782405
0.608486
0.157315
0.731337
2.929472
3.074032
2.987645
0.668794
0.249646
5.640275
0.725622
7.824796
0.293193
0.750100
15.365996
0.098033
0.201902
3.344103
3.770180
2.788092
0.720007
1.178038
0.941376
3.541573
0.394611
0.871947
3.476215
6.738846
1.779778
0.484699
0.930791
0.988447
2.823140
6.009937
0.994957
0.215719
0.657607
0.126718
3.818477
0.618984
1.619313
0.950712
0.711617
0.840579
1.796990
3.005524
1.176342
0.253788
3.258855
0.695196
3.101929
2.528097
0.554926
1.107715
0.435463
3.597692
3.764013
0.692027
8.279388
0.302933
0.102900
3.376864
1.167357
1.981017
0.293584
0.289415
1.024056
0.712109
0.365546
0.366972
0.888876
3.666403
1.341513
1.937659
0.656969
2.078084
2.084883
1.188462
1.523330
2.279361
9.182000
1.885423
2.672051
0.025536
0.799206
3.231742
0.499391
11.490310
2.880121
1.708394
2.958608
0.106720
0.077651
1.614587
2.410518
1.534393
3.446795
0.735739
0.839962
5.089654
0.577121
0.943426
0.797915
2.374525
1.741059
0.858907
7.978899
1.289465
0.639612
0.294562
1.807156
1.201953
0.648944
1.023374
1.963614
1.368047
1.215545
2.209015
4.804177
2.114287
1.074550
1.431186
0.375751
2.586987
0.223295
1.783030
1.125661
0.095633
4.220571
0.488978
3.363053
4.138767
1.269167
2.159942
1.899249
0.055721
0.311671
1.138796
1.057893
0.953335
1.445874
0.739152
3.639920
1.599011
0.115450
1.251522
2.631261
0.451822
1.832214
4.084981
1.516545
3.105906
4.372616
1.798481
0.854907
0.651642
4.206492
3.208912
2.737629
1.220858
4.388668
2.842113
2.889613
0.206869
4.128526
2.409264
6.652828
0.910537
0.045224
0.067315
0.135544
4.328891
1.710809
0.568302
0.693489
1.829480
0.360195
4.023587
2.201178
7.216550
3.681051
5.230860
0.601366
2.524535
3.586089
1.587549
5.394716
2.153764
0.225931
2.877959
1.911750
2.405927
0.141232
0.295541
1.335720
1.078662
1.542411
4.619093
3.948067
4.437693
2.127470
0.996684
1.814667
1.264712
2.489071
4.309196
3.779472
2.292626
0.296847
3.738247
1.037162
2.037986
0.784198
0.212161
0.094698
0.673449
1.530269
0.782576
3.228463
4.526466
1.556331
3.283337
4.000901
0.200415
0.376980
2.106847
1.911274
2.621850
2.438518
0.851447
2.749422
0.291954
0.449476
0.347253
0.440899
1.923539
0.688701
4.614172
0.573391
0.884178
0.120008
4.661105
0.570654
0.252258
0.754716
0.842606
2.137151
2.849811
4.134448
0.173846
0.619296
4.545293
0.365139
7.502217
0.291629
0.895129
1.830087
8.268878
0.327082
3.722703
2.194858
4.813553
4.098676
0.253724
0.578570
0.116810
0.554249
2.878499
2.685368
2.207893
0.151094
1.972787
1.678678
2.473216
3.524144
0.289675
0.377253
0.996492
3.642798
5.880064
0.653548
0.374728
4.935026
1.728382
5.026921
8.365727
4.714466
3.373667
0.919071
3.697937
0.883366
1.466515
3.543520
0.279100
0.690890
0.804294
0.199424
0.143993
1.479113
0.722399
1.968687
0.820080
2.330214
0.071581
0.082638
0.528022
0.380191
1.244137
0.751106
2.061283
0.147360
0.093704
3.266198
0.483251
2.319055
4.001903
4.938379
0.710468
1.500391
0.392544
0.089503
0.793188
6.845829
1.510295
2.190411
0.616257
6.396094
2.903807
1.494574
1.000817
0.460736
1.770351
1.781995
2.378216
1.126588
1.169045
0.546663
1.605038
1.688483
4.406741
0.732582
0.579867
2.064907
2.611788
0.269744
0.092770
5.380750
1.663931
0.810783
0.344435
0.507148
1.830239
2.564565
2.125504
5.451675
1.779778
3.064727
0.804813
1.802066
3.958316
0.158404
1.373826
2.412190
0.030551
0.916406
0.784711
0.944918
0.921464
2.270635
0.196639
2.804364
0.192872
2.922814
0.110490
3.589682
0.565346
1.091259
2.022056
0.543518
1.523074
1.244797
1.068248
12.492449
3.196638
0.602525
0.761198
1.951077
1.002550
3.858802
0.121253
4.312761
1.372291
2.236524
0.078578
4.247913
3.099792
2.951843
1.231532
1.273633
2.224414
1.131131
0.855884
2.575970
2.434068
1.149728
1.697352
1.970654
0.416317
1.693968
0.789672
1.845026
1.595672
2.291648
2.627962
2.196901
4.278588
7.261152
10.110774
2.904355
1.768736
2.017170
3.313981
0.553873
0.193613
0.116337
3.152433
3.977999
0.656651
2.648563
0.272707
1.458330
2.631497
0.321114
0.403248
3.978494
1.141601
0.314506
0.420717
5.904165
2.086805
0.051435
1.519871
0.975876
0.961979
1.226078
1.179311
0.126004
1.143577
2.957761
1.470497
0.957745
3.404803
0.096277
3.206645
12.720019
1.062565
0.836091
5.692871
0.382929
2.290474
0.658722
10.096401
0.377663
0.957464
0.103017
1.600483
4.012461
4.151240
2.786293
3.663072
1.202061
0.592505
2.420993
0.011020
0.560959
2.723678
0.869528
1.889027
1.941690
1.587948
0.623670
0.272707
3.829842
2.148511
7.626677
4.239895
0.553271
3.652286
1.066551
2.467602
1.934762
0.575445
1.344765
1.207011
4.076083
5.208335
7.347455
2.640010
3.118814
1.730537
0.787874
0.686272
2.905178
0.068006
0.764406
1.584496
0.417643
0.866130
0.076667
0.099322
3.755675
2.834184
1.572466
0.172931
4.896085
2.366962
1.352571
1.898776
0.078868
0.297370
2.173461
2.204346
1.161987
0.296717
1.789254
2.504185
10.040019
0.269615
0.860955
0.384368
0.148563
0.324693
6.002390
9.958594
0.687324
1.164091
0.105956
1.000047
1.646693
3.935941
0.460593
0.403179
6.135163
0.181249
0.926353
6.274898
1.875434
1.204750
3.110199
0.838554
0.345441
1.437291
0.259859
1.555809
0.349001
1.279119
4.399865
1.877771
1.983493
0.486729
0.563530
1.365224
0.956055
0.122499
3.054278
0.143212
0.624608
1.532974
2.052512
3.834866
0.278000
4.852349
2.680757
0.656014
0.046590
6.610245
0.142312
1.452153
1.014725
1.138796
0.212536
0.174090
0.732665
2.672051
0.778996
0.695684
1.852235
1.103638
2.653809
2.540845
4.406741
5.235794
0.575293
1.992767
4.172039
2.979914
0.387043
1.046807
3.167577
2.745148
1.654671
1.317649
4.046047
0.231469
1.761704
0.657208
7.921733
0.839874
1.352921
3.252536
0.082522
0.279035
2.405510
1.478237
0.073371
0.014372
1.390082
0.207304
0.162708
0.168847
2.072524
0.844901
1.643950
1.064657
1.693405
2.250627
7.170150
3.347248
1.189743
2.094866
3.578131
0.039942
2.993969
0.231595
0.495670
0.045793
2.953813
3.540017
1.810006
2.168883
0.545839
0.059559
1.651503
5.645219
0.229957
0.467397
1.970490
4.485457
1.175176
0.754716
0.149226
1.132475
0.466608
1.323499
0.978536
0.869618
0.149828
7.713363
1.016665
1.649303
0.306804
0.265244
0.369282
2.112158
3.977999
2.161945
4.543942
0.379508
1.065155
0.756650
1.568517
3.279963
0.881112
1.588214
1.380691
0.682714
2.827602
0.603221
0.949495
1.738026
1.459567
1.797437
1.359238
1.692842
0.147540
4.687224
4.575279
3.719267
0.176779
0.067315
0.814947
1.134027
2.812164
3.249882
1.009690
1.823268
0.026774
1.142745
0.017227
0.233676
2.595062
3.416028
0.638745
0.266593
1.656602
0.267492
1.861634
1.637111
0.813645
1.771674
0.721161
2.198759
2.410726
2.972215
2.073913
1.298282
0.000555
0.086591
1.234155
1.258493
1.870305
1.781699
0.503851
2.986784
0.072909
1.385202
0.115568
0.376366
5.718461
3.782135
5.026921
0.650451
0.122855
0.385259
0.182598
0.986823
0.391442
1.521535
0.108015
0.281171
1.432771
3.645269
0.700571
0.486149
1.620259
4.651764
0.265693
0.275610
3.480725
0.106720
0.836883
0.701387
0.696660
2.392225
3.810789
5.626748
2.013808
2.281111
0.954085
0.283050
0.147360
1.585159
1.147119
0.353847
2.635039
4.253085
0.253150
6.411121
0.108310
6.014481
0.549664
0.590431
0.288635
0.775677
0.240250
2.481669
0.592121
0.525131
3.247895
1.019482
1.610411
3.412762
1.776385
3.506118
0.657129
1.482371
0.979391
0.424007
1.370286
1.549292
1.798481
2.665309
0.739402
1.142016
2.270635
0.329209
0.810090
0.489051
0.920636
1.444523
2.018685
1.835713
0.136800
0.596044
0.119238
0.240440
0.710058
0.475955
1.461922
0.594428
0.098501
0.589894
0.527948
0.048641
0.353039
0.179717
0.853753
1.337224
0.794991
3.273907
1.507496
0.044144
2.358213
2.881474
0.587976
1.794457
0.248373
1.922101
1.059781
0.310947
2.442978
0.860332
0.203329
0.215344
1.952051
0.936819
0.615945
6.329971
0.771347
0.315561
2.601548
2.278389
1.001683
1.468754
7.788228
4.690882
2.846356
1.253953
4.247339
0.544491
1.364401
0.136202
3.029444
2.188561
1.465148
1.002068
0.090727
0.873830
1.296923
8.765925
2.182838
0.799809
3.339918
0.297827
0.057897
0.270774
1.363578
3.683995
4.261739
0.858374
1.128239
1.147119
3.380778
1.202706
4.491353
0.189728
0.044769
1.612431
0.140573
9.830500
3.494704
1.797586
0.229957
0.244624
0.941935
5.580777
2.936712
0.717041
0.896582
0.560204
0.004444
1.284960
4.427528
0.496326
0.477831
0.061624
2.242419
2.078606
1.388176
3.657256
0.177574
1.479238
2.821568
1.497101
0.748676
2.399271
3.360586
2.309346
2.154489
2.787835
1.180373
7.421545
2.788349
2.207893
1.920505
0.339880
1.533748
3.522218
0.012863
1.862561
1.807156
0.060476
0.173724
1.219773
5.709464
4.887090
0.605232
1.936531
9.016597
4.700426
3.770180
1.475112
0.248055
1.057397
0.601984
0.681503
0.838202
3.167577
3.610985
0.384642
0.982913
11.128257
0.635830
0.720089
3.413850
2.736379
10.624238
0.781467
1.795500
0.398475
1.458577
6.867517
2.165228
1.948483
1.692842
0.402071
2.930306
0.596275
0.436309
0.226937
0.736904
0.576207
0.170065
0.121075
0.852866
2.061283
2.491472
0.122202
1.973116
0.763730
6.929156
0.543443
2.249097
1.030793
1.991273
0.817033
2.819736
0.825838
0.828374
2.708109
8.620393
1.205719
1.957905
0.962921
0.205875
0.733329
2.316077
3.640742
1.281588
3.389706
0.155622
8.122943
2.689504
0.766604
0.119415
1.219773
0.634099
1.838761
3.187006
1.805807
1.380928
0.168908
1.385796
1.836627
0.360465
0.021208
1.538785
4.036314
5.325937
0.395507
0.688458
1.360293
0.335871
5.345774
0.923307
1.219990
6.775348
1.142640
5.507033
2.108970
0.472498
4.380625
2.866110
0.666071
5.316616
7.353779
0.046761
4.077650
1.060775
0.934498
0.025817
0.613611
3.998898
0.156105
0.447984
0.010127
1.375717
0.856595
3.303026
0.377526
0.538139
0.450044
2.484931
1.938464
2.602245
1.372409
2.072004
0.462238
0.017283
2.136791
0.319261
3.218335
0.450115
1.174224
0.181187
1.570886
0.163072
0.513981
1.438760
0.684249
1.138381
2.756989
1.867048
2.788349
0.491448
1.503813
0.124043
0.034109
1.489028
3.935941
0.262678
8.626761
0.508615
1.689045
4.175344
0.359857
1.131441
4.148522
0.548913
0.194168
1.290367
3.502686
1.465521
1.022108
3.124684
0.550865
1.569964
2.746906
0.026774
0.969907
1.425465
2.526760
0.204446
0.638823
3.972071
0.756986
2.030512
7.996857
1.095917
0.635043
0.306870
1.754263
6.757006
1.306346
0.056923
2.451505
0.827937
0.162465
0.121135
1.036966
2.443191
0.134230
0.829775
0.042155
2.055775
1.628937
1.155061
2.220646
2.065771
0.791730
0.296651
7.190305
0.584529
0.353982
0.407478
0.387799
2.689747
1.865964
3.977010
0.062542
0.189851
0.999278
0.657527
0.853310
2.302049
1.020649
0.731503
0.478264
0.143152
0.726035
1.077056
0.504876
1.487770
1.471245
0.136202
1.199161
1.005537
0.892589
2.182653
6.051244
2.048227
0.434687
1.278671
1.983328
0.768042
1.380572
2.060594
1.020843
0.319261
3.361643
0.332471
1.649440
0.130887
5.854889
0.154474
2.006767
1.503813
4.007928
1.098961
4.239324
0.659679
3.280300
1.608932
0.279229
0.011801
1.059085
2.233489
2.441915
0.059788
3.578131
0.256597
4.462064
2.139849
2.447450
2.090480
0.921004
2.184682
2.347688
1.498112
2.125504
2.615525
1.522432
0.896673
2.831022
2.685125
1.030402
1.966394
2.417844
1.468505
1.292738
0.648547
2.915353
2.018011
1.250418
1.473240
2.038837
0.434899
0.170430
5.346824
1.313530
0.150793
0.035353
1.212624
0.294106
2.149053
2.791953
3.921975
0.739069
1.807455
1.826447
6.233377
0.841108
0.252576
4.334299
0.049325
5.284870
5.737894
0.742739
0.667432
1.371937
1.580918
0.845166
0.829512
0.364122
0.267300
0.353982
1.315245
0.184316
0.299789
0.716383
0.114859
2.531443
1.224881
3.379710
1.562349
7.438059
1.227059
1.996423
4.201450
3.397239
2.680272
0.200848
0.206683
1.623915
1.952213
1.008917
0.286230
1.740626
2.328416
0.257173
0.867828
2.339633
0.854641
0.058928
2.464372
1.381165
0.017563
2.220646
2.338629
0.887972
1.869529
1.072647
4.428162
1.716791
1.378202
0.604690
0.666951
1.079767
2.436609
0.345374
0.230965
1.345463
0.193181
5.545287
0.611124
0.376024
1.613913
0.298481
0.946785
1.542022
1.279007
0.534338
0.730093
2.244706
1.306687
1.302480
0.213534
1.455115
5.093305
3.878367
1.384370
0.499318
0.771092
0.437579
5.747033
1.163354
3.061735
0.528838
2.060594
0.632212
4.924172
1.496343
1.334217
0.349942
5.154629
5.941655
4.182528
2.278195
0.006893
1.590874
0.114800
2.939505
0.170004
0.201034
2.234437
1.645596
0.969434
0.652356
2.516323
0.308513
4.582163
1.169361
0.892227
0.136740
2.652854
3.621121
0.516560
4.962876
0.632762
1.847477
2.778091
8.450572
0.983675
1.473864
2.053198
3.224863
5.774732
3.933525
1.061869
1.078361
3.242935
2.121401
5.801510
1.307484
1.671986
0.096920
0.295411
0.433278
0.756566
0.815990
1.368283
1.207982
0.617893
0.453459
3.190211
0.031002
0.540976
0.184378
1.008627
3.063230
0.568681
0.632998
3.011620
2.355171
0.860154
0.785309
2.575284
2.416796
0.319724
1.065853
1.256056
0.865683
3.380066
4.263475
1.412387
0.258259
1.303389
1.037849
0.906239
0.204322
0.932458
0.233045
4.453689
4.098676
2.356184
3.183807
1.200127
4.728615
0.014987
0.158162
2.387681
0.290717
0.871409
0.080665
0.069678
0.953241
3.328460
1.710383
1.347557
0.799551
4.251935
0.721574
2.511237
0.452605
1.937175
0.263127
3.330538
0.662872
1.830998
1.497354
0.554776
1.430211
1.438270
1.170945
5.956282
5.849342
0.545989
6.146542
0.156710
0.840315
0.106720
1.132268
9.620477
0.381354
1.742650
2.060077
3.366231
1.970162
2.065598
1.132992
0.728270
0.857484
3.887288
0.396749
6.104632
0.936076
2.343455
2.550973
1.212840
4.117275
0.249391
2.229702
2.088379
1.304866
1.540079
2.847153
0.719018
1.167251
0.538139
0.604226
1.071546
1.855927
0.608253
0.770075
1.872790
0.966033
0.663272
5.769423
2.152313
3.237659
1.717504
1.309649
0.245323
2.183391
0.269486
2.052683
0.027732
0.140093
0.793531
1.688623
2.209015
7.895942
1.238207
0.224864
2.003758
2.267156
0.219472
4.258850
0.529655
1.083590
1.019968
0.895039
1.207119
2.470623
0.973411
0.662712
2.155760
1.292738
0.236138
1.727091
0.300902
7.190305
0.398406
3.196960
1.102417
1.076254
0.102841
0.827937
3.565863
0.198619
2.125862
11.685301
0.662872
3.850019
1.565627
0.006949
0.719183
1.529368
1.940238
0.225492
1.577744
0.225806
3.278953
3.639099
0.428075
0.951742
0.028915
0.897673
2.613188
0.898946
0.156105
0.758754
3.779472
4.040406
3.328806
5.254667
1.093080
5.838297
0.817468
3.207940
1.460558
0.145916
2.324825
2.278972
2.209576
0.180268
1.524356
1.457711
3.607754
0.456309
1.350004
0.409215
2.464372
4.762573
3.767535
0.548913
2.317069
0.149888
1.259935
0.216657
0.100201
0.373093
1.444277
3.007844
1.715793
0.121550
2.819213
3.712842
3.425496
2.900521
0.255575
1.662962
0.503338
0.649578
0.607478
0.003721
4.196422
0.840491
11.078441
4.386190
1.542411
1.381284
3.975033
0.927554
2.640484
1.446735
0.621950
0.180023
0.433490
4.653915
0.237592
1.109144
0.836091
0.507588
0.461666
1.916680
0.414225
2.310334
0.258963
0.152542
6.209587
2.430051
2.734631
0.361480
0.339412
2.904355
0.101256
1.571149
1.240072
1.987130
2.480800
0.406853
3.391496
0.148503
2.595987
0.992082
0.578036
3.696241
0.338343
3.485247
6.618682
3.135235
7.405180
3.773714
0.194971
0.256086
0.315231
1.166935
1.625136
2.872563
3.016278
1.331445
2.360244
2.726658
0.115686
0.080143
2.033736
0.678680
1.465024
1.809706
2.050283
0.305622
0.052006
1.298395
0.331139
0.313121
12.152065
1.063262
1.174753
9.383210
5.297093
8.872281
0.892408
0.864790
0.044940
0.613844
0.501071
1.831454
2.486455
3.426956
2.957197
5.290971
1.655361
1.662685
1.851928
0.256086
0.163375
1.797437
0.361074
0.658802
0.287529
3.043594
0.477037
0.487672
0.969151
4.140389
0.219659
2.819474
0.659918
0.219159
0.372071
0.521358
0.906604
5.033982
4.856355
4.463355
0.062370
0.155863
0.834247
2.583307
2.305595
0.692676
6.141656
1.450673
0.231532
0.410883
3.002629
0.487817
0.642533
0.765504
0.438144
5.647696
0.077941
0.519880
1.399163
1.336183
2.994257
0.892136
0.807579
2.205279
0.455668
1.447226
2.942861
0.356208
1.805058
0.153145
0.344502
1.148684
1.864881
0.231469
1.953513
2.352740
0.314902
0.898855
0.640480
2.195044
3.353904
2.063353
4.939219
2.461146
1.216195
1.526025
0.905234
0.326883
0.629936
1.378439
1.520511
3.366231
1.128445
6.803213
1.996090
0.800929
0.272384
0.737320
0.706781
1.421823
0.229957
2.795306
2.729395
2.923922
0.706536
2.350718
3.882587
7.021757
1.224663
1.440474
0.209295
0.434617
0.141772
3.415301
0.671120
1.343370
2.842113
1.895310
1.006213
1.451166
2.882286
2.328216
3.957827
0.533892
6.625036
1.790888
4.120483
4.624733
0.619842
1.336645
0.742989
0.712848
1.999920
0.871768
1.267050
0.885622
0.909164
2.164133
0.931347
0.358167
1.186117
0.489922
2.994545
1.742940
6.560429
10.040019
3.107132
2.003758
2.096623
4.133370
0.226308
1.079566
0.619608
0.785138
1.942497
0.046135
0.599359
0.574684
0.002054
0.621169
2.497817
1.821000
0.046476
2.336020
1.004477
0.334070
0.401656
0.996492
0.032640
0.635200
0.344099
0.416945
0.492612
3.764013
4.055832
0.324825
1.385915
3.880242
5.274746
1.215220
8.614046
1.669899
0.829862
4.454332
0.804640
0.977776
1.807306
1.876991
1.995758
3.026217
0.050808
0.132617
1.030891
1.965249
0.335671
0.312923
3.929667
0.972368
3.030913
3.154005
0.406853
0.537020
2.499572
0.307921
0.450400
3.396879
5.756219
3.150236
1.657016
2.376779
2.601316
1.294433
3.809436
0.021152
0.328345
2.326819
1.018996
0.885080
0.304900
3.103152
2.572998
0.223295
0.224048
1.634928
0.211850
0.120838
0.266464
0.562849
3.945149
0.803172
0.868097
0.461165
2.846356
2.756231
0.570123
0.779081
0.461022
1.281139
2.131587
0.606239
3.475464
0.483396
4.945946
1.189849
3.462004
0.784711
1.661439
0.826363
2.707125
0.395300
0.341085
1.174012
1.348023
0.044542
1.261822
4.285606
0.886074
2.687556
4.064631
4.258273
1.706407
0.410814
0.066912
6.754726
1.197338
1.409734
1.177296
0.698370
0.908798
0.354656
3.727439
5.508180
3.166627
1.478488
2.356590
0.828112
2.646659
3.000604
3.416391
0.103546
1.291609
0.525205
0.439627
2.599229
0.597046
0.766519
1.292964
2.698293
2.256568
0.362767
10.643478
0.286880
1.572861
0.241200
0.012695
0.294236
3.034443
2.028649
2.197086
3.135858
0.437085
0.299331
0.855262
5.570057
3.991905
0.729016
8.977495
0.784283
3.129021
1.423279
0.367922
2.332414
1.622561
1.008337
0.972558
0.068928
2.095393
3.462004
1.505209
2.084010
0.869886
0.310618
1.668926
0.613067
1.989449
0.563303
1.722363
1.392945
0.315033
2.813467
3.692009
3.225517
1.314674
2.129617
0.340549
0.259219
0.548688
1.935405
0.366089
3.297913
1.471619
2.088029
6.616569
0.030269
3.140221
0.117047
1.231204
3.985435
2.434915
0.623279
0.356613
3.284688
1.380928
0.065129
1.085101
3.299275
0.151878
2.454928
0.561564
1.864881
2.515880
5.895622
1.253732
1.399522
1.154747
0.038751
0.701795
0.100259
0.000832
0.191454
0.749513
1.078462
3.480725
0.713012
2.069231
0.660557
3.454198
6.507958
2.624904
0.222981
2.809560
0.855085
6.009937
0.309960
0.292736
1.753244
3.902887
1.371937
0.869707
1.799227
1.171579
2.162309
1.911274
2.443829
2.205465
0.789244
1.653293
0.763815
7.064477
11.006186
0.023174
2.205839
0.182721
0.041020
5.192828
1.383064
3.513000
2.036285
0.327747
1.038046
0.274577
2.440853
1.333870
2.822616
1.766682
0.613611
0.104662
0.360668
3.276596
0.685867
1.138900
6.964610
3.348297
1.875279
2.706879
0.266721
0.381012
4.296183
2.572085
3.143970
0.923676
6.125466
0.083509
6.381191
2.105787
1.763899
0.918611
0.759765
0.292671
4.815121
0.190591
0.405327
0.241326
10.869758
6.381191
0.362225
5.425164
1.598744
4.674117
1.119488
3.246902
0.809050
1.576951
3.012493
0.112614
0.295737
3.803134
1.836322
0.542097
0.086416
0.304900
1.644362
4.598793
2.054057
2.121758
3.814856
4.910900
1.340237
0.254873
2.548492
0.653946
1.644773
3.239635
1.203458
3.055767
0.780955
1.312845
0.343429
3.301320
0.255575
0.559449
2.004259
9.945371
0.097038
0.677794
0.208175
4.584924
1.661024
1.477987
0.381081
2.956068
3.342358
0.749849
2.634567
7.366493
1.533877
0.867292
3.688630
0.532850
0.453388
0.942400
2.455142
0.297827
4.479581
0.876793
6.644231
4.180314
1.155795
3.749120
0.787104
0.570503
2.331414
1.044933
1.198947
0.074296
12.439745
1.623915
3.231085
0.656014
0.175862
0.540453
0.444864
0.683603
1.556854
0.405813
0.945664
0.224801
2.939225
0.916589
3.529549
1.966558
1.035298
3.127781
0.505828
1.783770
3.444949
1.746416
3.167894
1.999087
0.538960
0.211725
0.586597
0.710222
3.791488
1.864107
0.096686
0.580783
0.045964
2.149415
4.221702
0.374183
1.090349
0.561111
1.707684
3.709851
2.550522
6.833891
1.484378
5.311458
0.516633
3.591681
0.458450
2.585836
0.183825
0.720749
0.336072
2.501108
0.151576
0.509864
1.962634
9.392907
3.132436
1.825387
1.159046
0.341152
3.175197
4.637487
8.509418
1.657155
0.346985
0.495233
0.439203
1.853004
0.440546
2.264841
2.336020
0.292671
0.193181
0.517666
0.482383
0.384437
1.268052
2.462866
3.097961
2.496284
0.810956
0.438214
0.917416
1.830998
0.009290
3.085806
1.545524
0.794820
1.252958
0.395438
1.032065
0.147360
1.357598
0.333603
0.881923
1.296130
2.236524
0.379371
1.812711
3.179018
1.873878
1.541245
0.888786
0.986251
1.482496
5.021643
0.959061
1.971802
3.839444
3.427322
5.898466
0.981484
1.652329
0.224550
2.686097
1.252848
2.469544
2.382531
0.239363
3.044185
3.305075
4.030703
1.781551
0.937190
1.907468
0.212785
2.804104
0.187882
0.208175
3.443105
7.297638
0.007618
2.265998
1.970818
4.093924
1.423886
0.610348
0.677955
0.067891
0.562698
0.958873
3.265529
1.053035
0.310091
0.923307
0.021152
0.212910
1.865035
0.253278
0.463526
0.762295
0.054520
1.714937
0.316090
1.182923
1.660332
1.612431
0.718194
0.447700
0.086766
0.141712
3.739115
0.126004
1.353738
0.230083
1.880578
0.022107
6.985183
1.979203
7.316160
0.055321
0.005613
3.395801
0.399719
1.299075
5.300161
1.546173
0.457237
0.397508
1.132165
2.327218
0.883185
2.372069
0.544266
2.982201
2.786036
0.914111
0.434194
1.090248
0.487019
0.342692
1.818434
1.360644
0.523132
1.931548
3.261855
0.590508
0.047103
6.482280
2.717979
0.623748
4.264633
0.585601
6.154713
1.937336
0.596507
4.169838
0.806195
0.292932
0.972653
2.770181
1.106695
2.862089
0.267814
0.522319
0.776187
1.815721
4.028667
2.485584
3.919578
0.127016
0.191145
1.695096
2.352133
1.671707
0.703674
1.193269
1.150563
0.704654
0.304572
1.173589
1.572466
7.471544
0.857840
1.793564
0.762633
0.051435
0.563000
2.920047
1.499251
0.849145
1.652329
1.616881
0.416038
0.743156
0.530100
0.759934
2.428574
1.311361
5.480839
3.666403
0.777974
7.648895
0.051607
5.462837
2.854072
1.931869
2.642144
0.531215
0.118705
0.197938
0.460307
2.155034
1.788512
2.742137
0.074700
4.341536
0.970002
3.706865
0.374797
3.767535
0.694627
2.258873
0.239933
0.667993
0.894766
0.115923
0.776357
4.368932
1.127929
0.187574
2.737879
0.127551
1.028838
1.155061
6.403592
0.194168
3.996397
0.550490
1.716363
1.884485
0.763646
0.391924
0.573923
0.565649
2.513447
4.845958
3.895307
4.384952
1.466018
2.990517
4.427528
0.535158
7.231296
3.421484
2.136791
1.649166
2.765858
0.934776
3.848636
0.720667
0.299462
0.518551
1.375126
1.777712
0.108310
1.289465
2.326819
1.005634
2.010787
0.441111
0.461380
0.649499
0.249519
3.906213
0.351826
0.655934
0.849676
4.421204
0.482527
0.910903
0.478119
0.369214
0.319724
1.421216
1.266604
2.102080
0.757239
0.157860
0.523502
1.279568
0.298874
1.045229
0.051949
0.087464
2.250627
2.753202
0.500560
2.946224
4.608565
2.563429
0.863541
1.370640
0.696742
3.228790
0.735906
0.360871
1.981677
0.862381
1.327871
0.977776
2.634803
0.168786
0.016275
0.119297
1.235469
2.975062
0.995629
0.772195
1.107919
0.824353
2.558663
0.498150
0.674012
1.455115
4.327091
2.890429
0.320783
2.520313
0.170857
2.716000
0.091603
0.921833
3.517988
1.036377
5.447230
3.087321
6.062108
3.031207
0.654423
1.402160
2.897515
0.791044
1.247220
2.141470
1.421823
0.470916
0.680051
1.584496
3.818024
0.339680
2.644994
0.010238
0.786078
0.386975
0.766858
1.080471
0.404634
0.028521
0.141892
2.288715
2.998582
1.531041
1.031674
0.237971
1.391751
0.870692
1.331906
3.008134
0.240946
0.458736
1.272516
0.640164
0.977396
3.476966
2.817382
3.723994
1.585159
0.357491
3.652286
3.825743
1.664070
2.300082
0.764659
1.413111
0.373978
1.998754
0.168177
0.862203
4.340328
1.069147
7.401924
3.214105
2.139309
0.080781
0.503997
0.342625
1.064458
0.067143
2.672775
0.713423
0.012975
1.578008
1.344532
1.850545
0.351624
0.554399
0.766012
0.550039
6.396094
0.261396
0.513540
0.338209
4.413644
2.642382
1.677282
1.158941
1.266715
2.125862
0.451751
0.106956
1.810757
0.075915
2.610621
0.427794
0.256661
2.729146
1.223467
0.534338
0.408381
0.620467
2.837351
3.464241
4.227936
2.642619
1.118564
0.027281
1.158101
0.298743
0.436661
1.142120
1.884485
0.060419
0.892771
0.931439
2.392639
0.681422
0.657607
0.572478
1.829024
0.003888
0.548163
2.031530
1.485131
7.204839
1.822058
5.299138
1.720646
0.127611
0.061452
1.450920
0.043405
0.511701
0.019076
3.385415
0.387730
0.879491
0.540005
0.772874
0.621950
0.659679
2.829443
0.112732
1.846098
1.379861
0.133334
7.554517
1.539432
1.544485
1.450550
0.859887
0.023680
0.125588
1.552287
3.851865
1.174012
1.961981
0.316288
0.181433
2.251967
4.882202
1.549032
2.215759
2.306384
0.474730
0.420717
2.376369
0.791215
2.542866
2.200992
0.040850
0.436309
2.352336
2.986498
1.594071
0.136621
0.012807
4.525797
2.940903
1.392706
7.108225
2.820259
0.406645
0.318931
0.119593
0.841372
2.942022
2.609222
2.142912
0.523798
2.091006
0.188128
0.200229
1.934762
3.269881
2.121936
2.805402
1.250418
4.163253
5.625523
4.474373
1.006502
4.201450
0.983104
1.854234
0.771432
1.444523
0.333870
1.463038
0.909072
0.412762
0.708173
0.379576
3.012493
0.229453
2.159578
4.047588
2.198759
0.057668
0.896128
4.383714
0.309499
2.225168
1.417825
0.072563
1.995758
1.352220
4.819045
2.055775
0.769906
2.280722
1.969014
1.792226
4.200891
0.672083
2.026110
1.214138
3.225517
1.029424
0.489704
7.338010
3.022703
0.014428
0.466608
0.131066
2.505725
1.180904
0.718029
0.338476
1.133303
1.805507
4.675569
0.827412
1.167462
0.245196
4.168739
4.355487
3.328806
3.205674
0.056007
3.912406
1.479489
1.290593
0.476604
0.831177
1.077357
0.078868
0.752868
4.836414
0.050865
2.095920
2.091532
3.196638
0.705718
1.274416
0.259091
2.275865
0.156347
1.634382
3.559170
0.484047
0.920083
0.246339
1.354206
0.724216
0.277031
3.802235
0.239996
1.688483
0.525501
0.567695
0.349538
1.692842
0.602602
1.572334
1.310220
0.730674
0.465461
0.827237
0.857306
3.422213
0.090669
2.319253
0.017507
0.753960
4.717436
1.078863
1.343138
1.025324
1.830542
2.509030
0.385191
0.272320
0.162040
1.340121
5.359472
0.617815
1.060974
3.549373
0.552594
2.430896
3.116965
3.272900
0.274642
0.553195
0.027675
0.393921
1.104656
1.033828
0.505535
0.020871
0.736738
0.751609
0.778399
4.766385
2.999738
1.214463
1.129787
0.120838
1.149623
2.511458
1.535813
0.398061
0.686676
1.961981
5.668889
0.600903
1.404441
5.520851
0.005001
5.134892
1.102417
1.832822
0.674172
8.005902
0.640954
1.226078
1.636292
1.635064
0.181004
0.671200
0.775082
0.365207
0.797055
2.312708
2.347890
1.951726
2.639062
5.819129
1.756594
0.089911
1.855927
0.971516
0.925983
0.315033
0.689025
0.621950
0.596661
0.763223
0.494359
0.515307
2.870679
5.993374
4.985122
0.771092
0.722565
1.939109
1.712801
0.288309
0.402140
7.088956
1.510932
0.670157
0.479997
1.443418
0.359180
1.361231
0.704982
0.490213
1.983658
0.322372
4.692347
1.501784
0.640322
0.905417
6.644231
3.179018
0.848525
0.497931
0.343898
0.213222
1.587284
0.695196
0.252066
2.396989
0.060189
1.834647
0.715149
0.489559
1.846251
0.663272
0.798173
1.369461
0.172687
1.273074
1.036083
0.519732
0.270065
1.316161
1.775353
5.580777
0.862560
0.457879
2.521423
0.493631
0.636538
3.680631
1.233280
0.800671
2.597144
1.054422
1.630841
1.116102
2.185789
1.368401
2.002756
0.046135
0.333137
8.295267
1.649028
1.641075
1.380453
0.550640
4.912554
0.882825
9.130781
2.095217
0.741320
4.050675
0.309894
1.947835
1.122777
0.132558
3.783024
7.536916
0.683926
0.350346
0.160040
0.508836
1.242378
3.817118
3.383630
1.413594
0.760524
2.378010
0.679889
1.130201
0.959626
1.602357
3.516452
1.720646
0.596121
0.123805
0.071697
1.357247
0.282597
1.952376
2.109678
0.807752
0.312067
1.474863
2.554136
0.287204
0.013030
3.076742
0.448481
0.018964
2.042076
5.233819
2.226867
0.279682
3.656841
1.210895
0.163800
4.348801
0.127016
2.411353
2.421414
4.624733
2.202854
0.249391
2.224414
1.006020
0.803690
1.098656
1.250970
3.231414
1.430820
1.025031
2.059560
2.553684
6.447314
2.791180
0.083219
0.904687
2.751941
0.893496
1.509532
1.591273
2.434703
1.582508
2.904903
0.940817
3.267202
0.517297
0.073776
1.813012
0.545315
2.546240
3.876963
4.700426
0.483179
0.740819
0.994574
0.132379
1.936531
0.054978
3.350748
0.244878
0.065761
2.535914
1.527696
3.094002
2.111804
1.636019
2.407178
0.045566
1.857930
5.603617
0.319857
2.209763
0.524983
1.639297
1.616071
0.166534
6.447314
0.395852
0.793102
1.309991
0.524390
1.393661
0.527874
2.260411
0.067315
3.528003
2.914250
4.332494
3.370831
1.394617
1.658674
1.577480
3.576146
1.858084
0.099615
0.435181
0.114150
1.137758
0.237971
4.059450
2.859680
1.903986
0.794133
0.172381
2.971646
5.754904
4.257696
1.159046
0.389448
0.736155
2.666752
0.151395
0.449831
0.642296
5.274746
2.448730
1.216845
0.682876
2.368799
0.029987
1.037751
0.362428
3.988418
1.579198
1.694391
0.155622
4.624733
0.711124
2.141830
0.788559
0.202274
0.118705
2.802030
1.565759
1.572861
0.366496
3.282999
0.224989
0.317543
0.097740
2.584686
1.812410
0.238351
1.548252
0.374865
2.357401
1.917795
2.108085
0.670879
0.631898
0.392475
0.391442
2.812164
1.875590
1.011141
2.403428
0.417433
0.062313
0.103428
0.529061
0.043917
2.039348
0.338343
3.137103
1.305776
3.037095
0.833281
0.267364
1.768589
7.379298
0.838906
1.435702
0.577197
0.055149
0.765589
5.646457
0.031002
6.869943
1.945568
1.073848
1.502925
0.797571
0.582846
5.683998
0.193119
0.134528
1.338266
3.625192
4.891173
0.989212
1.026104
3.120048
0.763730
0.705472
0.922754
2.035265
0.424287
0.911910
0.768296
3.207940
0.614233
5.067901
0.268071
3.958805
2.070964
1.049770
1.103027
4.302678
0.989594
2.033736
3.326730
0.259347
1.948645
0.043803
0.274706
1.406965
0.992561
0.151637
0.139434
0.028352
0.947159
0.259731
0.231154
1.520767
2.753706
1.919548
1.138796
0.759512
1.097032
0.743073
0.471491
3.485247
2.893968
3.262856
1.970654
0.469120
0.579638
2.413863
1.548772
3.172971
5.348926
4.325294
2.025096
0.151456
0.771092
2.877689
0.107544
4.105031
1.833886
2.552328
1.581316
1.089642
1.619042
0.067200
0.606161
2.524757
0.673529
1.233609
1.864571
2.655243
0.340148
1.732406
3.235684
1.344765
5.918493
8.033313
2.422885
5.118143
2.105610
2.634094
4.376308
3.229118
9.906269
0.500706
0.450968
3.314324
2.328017
0.255448
0.883817
2.181364
1.177508
1.897042
0.257236
1.913816
2.828654
5.847957
0.363309
0.780529
2.516766
0.271804
2.827865
0.219159
1.799078
0.358640
0.111080
3.708571
1.040503
0.380191
2.499133
1.736728
4.131216
0.768042
2.664108
2.585606
2.973069
2.209950
0.281366
0.358099
0.466106
1.139211
1.559207
0.755641
1.337919
2.773494
0.959720
0.690485
1.932512
2.210699
0.324892
0.108899
2.608058
0.797915
0.824790
2.581700
1.044342
5.313519
4.420573
1.884954
2.296547
2.145077
2.040200
0.116869
0.470557
0.540154
1.446489
0.328079
1.117435
2.874450
2.167603
0.171345
1.861325
0.404149
0.352971
4.822191
0.377663
1.906201
2.145077
0.824179
0.361007
0.065761
2.049426
0.629622
3.473589
0.854108
0.988447
0.649420
1.458330
2.938946
1.200235
0.697312
0.289936
0.463813
0.176107
0.672324
0.769228
0.535828
2.456427
0.711371
3.937876
1.191238
2.355981
2.750681
0.176718
2.201550
3.194065
0.637956
2.449583
0.425198
3.453828
4.940058
2.209202
2.146341
0.540677
0.374660
0.838642
4.179762
1.653431
1.480115
0.574227
1.660886
5.850727
0.146938
4.409248
7.141741
0.335471
1.678399
0.540901
0.113854
4.878951
0.469982
3.510321
0.403387
2.038837
2.041223
0.097506
0.681261
0.554098
7.887426
0.611512
3.980474
0.777208
0.870782
4.291474
0.873381
1.410819
1.625814
1.287549
0.192070
0.266400
1.508895
0.491448
0.320585
1.775059
3.218010
0.071812
1.763752
1.984980
0.955116
0.696660
0.821474
2.926972
1.615396
7.405180
3.501544
1.555287
0.989881
0.738319
0.750016
0.675379
0.569440
2.713284
1.599814
0.507295
0.595505
3.039455
2.718473
0.522688
0.148142
0.655537
1.740770
3.686100
1.559730
1.040798
0.600825
3.425130
0.406368
0.934127
0.593812
4.975677
0.962827
0.463383
3.144909
0.231280
3.298935
2.367983
3.120048
0.106956
3.846794
0.181862
0.102254
4.042455
0.246720
0.006058
1.993763
0.381491
1.002550
2.851674
1.331445
0.423236
5.041958
1.836779
1.473489
0.449121
0.124815
0.400341
2.306187
0.196763
1.388652
2.296350
1.467012
4.834036
1.309535
0.033205
0.123805
2.569803
0.236454
0.907335
5.098795
0.764659
0.266271
3.311579
2.234437
0.041360
0.559298
1.705415
6.104632
1.025811
3.186686
1.480115
0.460450
0.720089
0.355331
0.478264
1.241719
0.422256
2.362888
0.396197
0.411996
5.420783
4.084981
1.433137
1.316962
0.386288
3.299275
0.155984
2.126219
2.029665
0.678197
0.239680
1.346626
0.522097
1.230222
0.954085
1.296244
3.035326
0.202088
0.138057
2.804883
3.007554
2.307963
0.326551
1.155061
1.737593
1.355258
1.946054
1.190063
1.075251
1.153596
1.079165
1.027080
0.082000
0.117876
0.623279
2.197086
3.522988
2.333615
0.285970
0.544266
4.624027
8.745380
4.377540
0.787361
0.374047
1.140665
9.513494
1.879174
1.127310
2.833129
2.332814
4.209861
2.559797
1.454744
0.025873
3.002339
0.348194
1.013756
0.715149
0.048128
0.281236
1.000817
0.685948
0.135724
0.267492
1.413232
0.404981
0.228824
1.928981
2.382119
0.597662
0.668073
1.916361
1.150668
1.603697
2.032887
0.308184
2.910946
0.253788
0.551992
0.573314
0.355803
2.363091
1.457216
0.643481
8.473883
3.450123
2.564565
0.402556
0.089794
1.228258
0.223044
0.188128
5.006772
1.262155
2.589291
0.133752
1.437781
0.826363
0.502387
4.359754
1.842426
4.219441
0.751526
0.201096
2.646897
3.213455
0.418411
2.572313
1.074850
2.140029
1.197660
1.793564
3.435380
0.192070
1.074349
0.108133
4.733107
2.593213
2.932253
6.874805
0.575445
0.533520
0.406090
2.224414
1.559861
0.102782
0.187266
2.783469
0.035693
2.328815
0.027450
1.409373
1.054521
2.672051
3.151491
1.744098
1.799227
0.318534
0.264089
0.361616
1.605843
4.181974
0.913102
0.029648
0.192317
2.180443
2.626785
0.520619
1.131027
0.349269
0.922846
4.057898
2.183391
1.483750
0.407895
5.587958
0.249200
0.839874
1.965413
0.664311
1.741059
0.092536
3.470966
0.105132
0.797571
8.042542
0.410118
1.746126
1.315932
5.289953
0.226183
0.430604
1.731831
0.696660
0.105074
0.028577
5.401198
0.459521
0.301098
2.072698
4.760289
3.711132
6.544122
0.994574
1.921942
0.379918
1.286535
1.002935
1.653982
0.364190
8.300591
2.616695
2.265805
6.396094
1.824327
1.512461
3.081268
0.005279
3.906688
1.803561
1.701025
0.905691
0.583994
0.468689
0.281495
3.516068
1.233827
0.640559
0.251047
0.449689
2.363498
2.545115
3.593282
6.080885
4.543267
0.259987
0.342022
2.729644
6.862675
0.627897
0.422046
1.532716
1.643265
0.847552
0.936726
5.478579
2.251201
2.625609
1.178144
1.690591
0.511701
0.570958
2.973353
1.466888
0.407825
0.409840
0.012528
2.615993
2.184128
1.786288
0.181433
0.140633
0.138536
1.135270
0.052806
4.620501
1.646144
2.142371
0.026493
2.907373
5.039296
0.720502
0.927646
5.749653
5.682735
1.078662
1.260490
0.652436
4.205931
5.333220
0.425338
4.835621
1.828266
0.520545
2.350111
0.717041
5.715886
2.193931
0.537841
1.836932
1.854542
3.584096
0.035523
0.039375
0.508175
0.937748
0.959061
1.435946
0.746750
3.521063
1.954975
1.530269
0.369690
4.054799
3.282999
0.218282
1.338151
0.909347
1.399043
0.352702
1.239085
13.550489
0.195589
1.103842
0.826013
0.845873
2.221211
1.083187
0.137099
3.918620
0.319923
0.971611
0.512510
5.645219
2.867990
0.265822
2.603406
2.537258
0.417712
8.258429
1.057595
1.172742
0.649737
0.528541
7.216550
5.264679
0.913285
0.289155
2.227812
2.254266
2.620208
1.547732
0.513024
0.935519
1.142016
0.004667
2.328416
1.399402
2.926417
1.283385
1.439617
1.280129
0.432363
0.868902
0.987301
5.662630
0.050579
0.749765
1.740915
0.621560
3.257523
2.484496
0.353173
1.245458
3.502686
3.489780
0.116337
0.063691
0.351288
1.312731
4.144722
8.779751
0.294106
0.737487
0.873920
0.473218
3.221270
2.437245
5.758853
2.417215
2.785009
4.728615
3.417845
4.421204
0.221601
0.318071
0.054234
0.004277
0.093412
0.900220
0.568833
0.885622
4.875706
1.912068
2.756231
5.692871
5.595169
0.455311
1.800422
0.663831
1.243038
0.024355
1.084597
4.712983
0.878052
0.279747
1.645458
0.291108
5.098795
0.342491
0.632527
0.099615
0.294889
6.982599
4.381242
0.084323
2.900795
2.354968
4.492009
0.727111
4.358534
4.204810
1.893580
0.009067
0.800585
3.975033
1.115077
8.227436
5.501306
0.093237
0.786933
1.249866
4.002906
2.808260
2.095217
0.625156
3.727870
1.371465
0.093763
0.990551
2.598071
0.308644
4.594621
2.016329
0.210416
2.748415
0.274900
1.054322
0.941562
0.901951
3.924856
0.560355
0.841813
0.702040
0.292606
2.226489
0.365546
7.228337
0.884539
3.124993
4.550031
3.789702
0.839522
5.113518
0.217594
0.701551
4.079742
6.055892
2.449157
3.673503
0.862203
4.199213
1.179523
3.989912
9.906269
3.561136
1.634110
0.616023
0.964618
0.463097
0.648072
3.050710
2.267929
0.477109
4.591846
5.212232
1.854234
1.862715
2.208080
2.928638
2.213508
2.680514
1.875746
0.149587
0.628289
1.492177
0.271740
1.066751
0.753456
4.449837
3.259854
0.846933
2.059560
0.072101
1.235140
4.374461
1.899722
7.862115
0.522762
0.660956
0.125648
0.237023
0.125767
9.412458
0.284802
2.461576
2.602245
4.334901
1.099875
1.474738
1.027178
1.481869
1.360996
0.532850
1.839829
3.923895
0.395024
3.798646
0.316288
0.731503
0.521431
0.407895
2.283252
0.201468
1.334679
3.814403
1.020649
0.200477
6.650675
1.312845
1.080370
1.181541
4.521789
1.081275
1.284847
0.596969
4.094979
0.950805
3.080060
0.398199
0.915855
2.833129
0.189112
3.009295
4.962876
2.729644
0.240756
0.811910
1.782438
0.003610
1.604099
1.259047
3.139285
7.369686
1.998254
6.317389
5.179367
0.097916
0.247737
2.192263
0.071928
9.985333
0.582235
0.639928
0.503631
0.217970
1.856235
0.808617
1.881671
4.837207
2.360650
1.835104
2.428996
0.587133
1.932833
1.104147
6.865095
5.170766
0.097740
0.984152
1.644087
1.877771
0.089328
3.021826
0.461952
1.290706
2.125326
2.266770
1.088632
2.877148
1.887303
0.572934
3.794169
0.151215
1.385559
0.181310
2.844498
1.758928
2.219141
0.559072
0.085137
0.205626
3.492809
4.082360
0.449263
1.420489
0.566634
2.448516
2.027633
1.064059
0.163800
3.053385
1.618772
0.197134
0.908981
1.146702
1.628258
0.235443
1.267829
4.759529
0.038014
4.772502
0.555002
2.376779
1.217929
1.289578
2.520757
0.093412
2.761545
0.125232
0.317014
0.850827
2.300279
3.202442
0.583688
1.209384
0.095107
2.243943
0.716465
0.524983
0.012919
0.131245
1.707542
0.287204
1.491295
0.578570
2.128185
0.038298
0.051835
0.545839
1.425100
0.088979
0.184931
3.698361
1.174329
0.748508
3.416028
0.224487
0.332537
0.368398
4.165445
0.282856
2.080522
0.948373
0.521727
0.147600
2.818951
2.655004
4.412387
1.227277
1.036868
4.575966
5.046405
2.214634
2.336020
3.560743
4.742876
1.865035
0.458379
0.816512
1.697211
1.096829
6.381191
0.793875
1.627307
1.812410
14.544204
2.174929
4.064113
3.261855
2.494095
0.811129
0.646725
0.268521
0.327415
1.012884
0.401448
4.945946
4.369546
5.148968
5.385036
0.397301
0.988830
0.037618
0.894222
0.709238
0.522984
0.496035
1.572993
0.625860
1.250307
2.358416
0.838554
0.720337
1.951402
6.254019
3.954405
3.098571
2.664108
2.572770
1.390797
2.093637
0.334337
0.618282
1.694250
4.709281
2.338830
3.374732
0.171345
1.527567
3.779915
0.093763
2.726161
2.362684
0.712027
0.345978
0.529877
10.125262
2.372887
0.978916
3.791934
4.140389
0.490431
2.161398
0.719018
1.667121
0.409840
3.533032
3.243265
1.805358
5.021643
2.985637
1.907310
2.781931
3.235027
1.338498
4.418680
7.069888
2.136073
0.952960
0.989594
0.513392
1.846558
7.495356
1.195088
1.576555
0.961320
0.756398
0.906878
3.972565
0.985678
0.828199
1.875123
2.375959
0.876434
0.386494
1.111904
0.160827
4.470477
3.227480
2.501108
3.548982
3.781247
1.189956
0.160888
0.764828
3.499261
1.101704
2.736879
0.831527
1.752371
0.440687
1.914770
0.717865
3.720126
1.167568
1.744098
3.371185
0.318270
3.201150
1.852696
0.534190
0.638587
4.291474
0.356073
1.908419
0.184071
1.197016
2.251010
2.108085
3.200828
1.425100
0.990934
4.013469
0.347858
2.571400
1.933476
2.004426
0.137997
0.723969
0.485496
2.501987
0.587746
2.218389
0.443801
0.551917
6.103039
0.184194
0.415131
0.408867
0.581547
0.613922
2.849013
1.082684
0.108545
2.173094
0.506781
0.224361
2.576199
0.358369
0.001999
0.944172
2.148691
1.234812
0.206123
2.224225
1.875434
5.776062
0.282273
0.307001
0.081419
0.467756
2.750177
0.852955
1.925138
1.959534
1.323614
1.663516
0.057439
0.574684
2.412190
4.857959
2.009446
2.249288
1.749028
4.480233
0.229579
0.515159
0.137578
0.357018
6.074604
0.489704
0.442739
0.739819
7.080759
0.038524
1.386986
3.843116
0.677955
2.522312
0.660477
0.642296
0.074816
0.145796
0.873740
0.182353
5.726209
0.420367
4.653915
7.075316
4.140930
0.550339
0.334670
4.237041
1.200771
1.039126
3.519909
0.387799
1.720075
4.243900
0.836091
1.191879
1.390678
5.542946
0.427092
1.968523
3.786583
0.681584
4.076083
1.569043
1.003416
0.278970
3.555245
2.073565
0.103957
1.910798
1.176024
0.787618
1.733702
3.074032
2.686583
0.266336
0.215657
0.347791
4.914209
1.583966
0.138775
0.284023
0.430253
4.433874
0.897309
3.569811
0.651403
0.551767
1.272739
6.411121
2.960869
1.999920
0.616334
0.919807
3.451974
1.509023
1.079466
1.215762
1.244907
7.408441
2.937270
1.500011
6.310238
0.355803
0.574532
0.652197
0.845696
4.139848
5.133957
5.884294
4.745892
0.047273
0.025930
3.611794
0.804208
2.955786
0.042553
0.302146
1.296130
0.791301
0.244307
0.587746
2.847684
2.357198
3.351449
0.289025
1.391036
0.387387
0.124934
1.200664
3.784357
7.008610
2.236334
0.572174
0.482672
0.411718
2.838144
3.136480
12.980202
0.371118
0.836795
0.976731
1.313988
3.967639
0.189728
5.797468
5.089654
2.092233
2.947066
1.983823
0.197134
0.360127
3.779028
0.404149
4.887906
0.669115
3.892945
0.594736
1.441946
0.962261
0.367922
0.339212
1.781847
1.391036
4.689418
0.146698
0.215094
1.901932
0.534711
3.833037
4.158875
0.024355
0.192440
0.354859
1.380335
0.965561
0.757491
0.285191
1.525897
1.146285
2.418474
0.226685
1.945245
2.605963
1.064159
0.970002
5.661381
6.610245
1.164828
0.792845
5.757536
2.624433
4.591152
4.907597
0.756986
1.718361
0.697393
0.254426
4.492009
0.733662
6.181112
0.693164
0.605697
1.233499
1.484378
2.366962
0.602602
1.053134
6.392357
1.183349
3.165044
0.323565
1.452770
0.152240
0.447204
2.259065
2.456855
4.997214
1.491925
0.868186
0.914845
2.706142
0.657368
0.890143
1.746271
1.257274
1.612027
0.555453
1.180373
0.987969
1.005730
1.975252
1.073047
0.718359
0.744910
3.172336
3.898619
0.909072
1.401080
0.939514
1.046709
0.807406
0.544416
3.723133
2.143453
6.114218
0.649578
0.489414
4.162157
0.249009
0.963958
0.586673
0.296064
2.832075
1.625000
0.019917
3.269881
5.164104
4.202009
1.850085
2.229135
2.729146
3.988916
1.877771
1.026299
1.053233
0.424217
0.669917
4.972254
0.765251
1.405402
0.730093
0.964429
1.371347
0.894585
2.808000
0.719347
0.051607
3.968131
0.265822
0.557639
2.154852
0.287269
1.280353
5.726209
1.225207
0.636932
5.815048
0.781979
2.047543
2.769163
7.037660
0.054806
3.882118
0.044087
3.761376
3.870889
1.386867
0.034901
0.732333
0.632055
1.628122
9.676425
3.355309
2.749674
0.150069
2.196901
0.402694
0.747001
0.832930
1.023277
2.978485
0.942960
2.091707
0.834247
0.010964
2.551650
3.041228
0.815729
0.294823
0.315759
1.124012
2.205279
1.763313
0.382998
0.533892
0.032075
1.423036
6.460832
3.207616
3.542741
0.867650
0.537766
9.555535
0.163557
0.300051
1.897357
1.049968
1.922421
1.223575
0.715067
4.761050
3.455683
0.482310
0.204073
1.216845
1.908894
3.004076
0.402417
1.389844
0.409493
0.179349
1.187716
0.931717
0.198062
9.024519
1.903354
0.547788
1.350120
1.042274
0.186836
3.996897
2.761291
0.055321
3.317074
0.532999
1.114565
0.130589
0.758670
0.878682
1.999920
0.266464
1.723937
1.237002
1.400361
15.646270
0.849410
3.374022
1.388414
0.069216
1.992933
0.596044
2.174195
4.134448
2.481235
5.188972
0.906147
1.753826
1.608529
0.206869
2.002589
4.909248
3.764013
1.771674
3.074032
5.620632
2.725913
4.463355
0.470197
9.919210
0.938956
0.058642
0.270194
2.239754
0.496253
2.174195
0.778144
0.601443
1.019676
3.227153
1.374417
4.406741
0.524316
1.312388
0.404565
0.543069
1.698905
3.797301
5.381821
0.222855
4.255389
3.439790
0.075279
0.008677
0.258963
0.600131
5.686529
4.562270
1.349304
0.821038
7.067181
4.763335
1.651779
3.411675
1.014531
3.701758
5.976960
0.024579
1.715507
3.422213
2.291061
3.739115
0.229390
2.469328
2.639773
1.445874
1.359824
1.154014
5.096963
0.746416
0.225743
0.390273
0.443730
0.873112
2.214446
0.447771
4.730111
1.120618
0.330739
2.764588
0.530100
3.264861
2.645707
1.097945
4.240467
1.832214
3.661824
0.861757
0.550414
2.589521
0.233297
0.114800
4.106624
2.419733
2.494095
5.044625
2.476463
1.399402
6.192783
0.986537
3.240625
2.947908
0.436450
1.944113
3.605334
1.066950
0.379781
2.403012
1.347557
0.188928
0.864612
1.244577
3.511852
0.934498
0.214907
2.575284
1.339889
1.436558
2.552554
0.158828
0.729679
0.185606
0.277677
3.835781
3.404803
1.382589
3.227808
9.842911
1.038832
1.177720
0.588666
1.598744
1.637111
0.181801
1.342209
0.941748
4.123696
1.762582
1.232625
0.657686
0.973221
1.188569
1.237331
0.207989
5.131156
7.862115
0.009123
1.743229
3.724854
0.140693
0.809916
4.915037
0.162586
0.059616
0.951648
3.460515
1.999753
2.296939
2.570031
1.297263
3.014530
0.428426
2.079302
0.078810
2.542417
0.871678
0.636381
1.014628
0.177819
0.753288
0.157981
0.587976
0.666231
0.476100
0.874548
2.587678
3.310550
0.788987
4.317525
0.934312
1.618502
0.107544
4.565684
6.065224
0.316288
0.972653
0.232351
0.236707
2.043612
0.168725
3.840820
0.335471
1.471369
0.995533
3.782135
1.116819
0.106191
0.336472
2.555266
3.045666
5.282840
3.717980
4.139848
1.633701
0.246657
0.702857
3.879304
2.086980
1.645321
0.201530
2.489944
0.146758
1.382589
2.051997
1.849011
0.675781
4.283849
5.007644
5.432857
1.022693
0.947159
2.827602
1.336761
2.533454
0.148082
1.862097
0.038128
0.183457
1.155899
0.681907
0.172320
2.440640
1.985972
0.728022
0.755304
2.820259
0.036655
0.121846
2.928916
0.421347
7.011232
2.166689
4.562270
0.410674
2.715506
1.109553
2.143814
0.399650
0.908524
0.264025
0.066567
0.205937
1.734278
0.659041
6.568638
0.263127
1.280129
0.500267
2.519869
3.007554
0.357356
0.016891
1.124939
1.185584
0.363851
2.048912
0.608874
8.462190
0.783515
0.234433
4.462709
2.543765
1.166303
0.993040
0.626878
4.779408
1.720360
0.565270
0.462453
5.280813
0.970570
0.903045
7.904499
0.148202
0.583458
1.134027
1.249094
0.611979
2.077040
1.044835
0.323234
0.086067
1.593804
2.919218
9.710840
0.930328
0.284542
2.257720
0.139554
4.654633
2.189300
1.226841
6.250562
3.298935
0.605309
0.981009
0.404287
0.000610
1.468381
0.702204
0.774233
6.254019
1.170840
4.822978
3.852788
3.615033
1.566415
1.062167
0.705063
0.565498
0.334270
0.624999
3.208264
3.463122
0.670237
1.522689
2.823665
6.035836
4.661825
0.154896
1.331099
4.201450
3.727870
1.332946
2.044636
0.127373
0.729513
1.998920
1.071646
2.589291
0.737570
0.344770
0.273738
2.695847
2.963699
3.093393
0.547488
1.553460
4.958629
2.569119
1.881203
0.487527
0.519363
2.225734
2.797889
3.574164
0.388967
1.417704
4.301495
2.337023
1.677282
0.591199
4.191408
3.272900
3.919099
4.128526
2.304610
0.290847
0.539856
10.341232
0.653151
0.270065
4.185853
2.343253
1.925458
5.932935
0.776442
6.221443
0.278259
4.576654
6.738846
0.566028
1.824024
1.051847
4.667599
1.022595
1.409252
0.656094
0.638114
0.633077
0.875985
0.721657
8.142389
1.820849
6.157992
0.470700
6.906725
1.935888
2.512121
3.768857
0.997933
0.143092
1.295678
1.981182
0.997452
0.450115
4.286778
0.473434
2.672051
0.262742
0.015883
0.401310
1.445383
0.361074
0.999374
0.458807
4.413015
0.102782
0.124162
0.007228
4.124232
2.453857
0.451040
1.327640
1.692138
0.712766
4.951854
0.357153
1.709104
0.342290
0.887248
0.268135
4.297362
0.982818
0.593812
1.110574
0.616958
0.511039
3.905737
0.823742
1.103332
4.558862
3.041819
0.661754
2.318657
0.079795
0.227377
0.043576
1.920026
0.028859
3.014239
0.871768
1.227931
0.276062
0.897673
0.255128
2.168700
0.851182
1.228149
0.859263
1.107103
0.331006
0.449405
4.609965
1.278559
0.867560
0.615634
0.481949
0.196949
2.401141
1.423157
0.521949
1.277326
2.612721
6.595574
2.369616
2.737129
2.508369
2.841318
0.846668
0.652436
1.627715
2.086106
1.070746
2.882286
0.187389
3.247564
0.181923
0.458736
1.889184
2.849545
0.207491
0.968111
2.212759
2.970793
0.656332
2.422044
0.321975
2.086805
0.646646
2.141110
5.782724
3.005234
3.590881
2.451292
5.557040
0.873202
1.450673
0.464099
1.381995
1.200235
4.073474
2.418264
4.280340
0.125707
2.942861
2.470839
1.488022
1.109757
1.035789
3.644445
3.451604
1.117127
0.524761
1.638067
0.387524
2.014144
1.105166
3.267202
3.026217
0.153326
1.486765
0.190283
1.412387
1.550073
0.570882
2.198387
1.763460
0.911727
1.069347
2.800476
6.698639
0.420367
0.664391
1.446735
4.660384
3.044778
1.909053
1.217170
3.062931
