0.462729
1.333481
1.051486
0.150542
2.686084
0.025484
5.448253
6.510636
1.286777
1.307975
2.163220
1.250939
2.274933
2.302299
2.341905
0.602327
1.841378
0.113601
1.115100
3.799758
2.291714
1.507819
1.025778
5.965819
3.119895
4.677868
0.971094
5.681788
1.959490
3.177027
0.343576
0.806743
0.289146
0.675991
5.198604
0.898954
0.314843
1.646774
3.743190
0.614827
0.781252
0.320501
0.835389
1.804648
0.292091
1.728409
0.698501
0.159832
2.187817
0.016987
1.563371
2.825130
2.308472
0.447538
2.250314
1.150559
0.860607
0.604723
4.970730
0.493453
1.805105
2.516835
0.802986
0.182873
0.024088
0.460550
0.515302
1.082532
1.314669
1.882238
0.198206
1.106844
2.926299
1.180527
0.065162
0.881881
0.624930
0.988158
1.593395
1.309290
0.459554
4.136348
3.875424
5.093943
0.433967
0.717878
3.413145
1.271847
1.227307
0.012319
1.382952
5.275235
6.220849
0.721428
7.010434
3.456994
0.061151
0.504498
0.419608
1.871200
0.992321
1.069027
0.535052
0.280512
2.425091
2.267858
4.192210
1.243370
1.973415
1.199960
0.479776
1.419533
0.852019
3.278995
6.847988
0.201448
0.722761
0.235658
0.285875
3.285118
1.359202
1.673076
0.126295
1.978200
0.485207
0.437884
1.708831
0.496573
0.949042
1.076702
0.581812
0.574476
2.624796
7.237581
0.699741
0.437026
0.117556
0.209954
0.268200
1.634747
0.489134
2.876886
0.136087
0.696096
0.985771
8.749289
0.325156
0.028047
2.840562
0.516141
0.229030
1.479690
3.071940
0.166211
2.460316
0.151504
2.015808
1.750891
0.890974
0.179670
1.018178
0.197788
1.991092
0.883778
0.023530
1.789328
1.002200
0.129435
1.001218
3.906050
0.990814
0.327716
0.711465
4.440886
0.276323
0.730936
1.313569
1.013403
1.417765
0.301296
2.355490
0.242799
1.218205
0.482110
1.689223
0.299395
3.513551
0.853070
0.006330
1.177513
0.977668
1.338836
0.473486
0.748551
0.802907
0.081215
3.901108
2.094162
0.011534
0.574610
2.510721
1.327702
0.724467
0.912434
3.393670
6.638919
2.506820
1.113465
3.204685
1.756639
0.044083
8.531516
2.556321
1.556766
0.742532
1.623491
0.473424
3.047652
0.370407
4.910302
0.282776
0.466848
0.290312
0.441812
3.994630
1.742969
0.014443
4.299287
3.445114
3.201199
1.090182
4.874473
2.389324
1.491398
0.103267
1.303275
0.275278
1.901465
1.133797
10.100469
1.007746
0.011073
4.688256
1.741361
0.006882
0.533810
2.718534
4.816595
3.243964
0.393972
0.565306
2.029029
2.499534
3.487111
0.263336
7.170655
1.258759
0.943880
3.285118
2.157037
2.065771
0.767597
2.534835
0.662474
0.249379
1.631891
0.914370
1.207518
8.439785
0.978458
0.084360
0.684853
0.998543
4.518896
1.451839
0.579924
3.412255
0.379459
0.547661
1.745312
1.892063
0.825594
0.956386
1.689646
4.822283
0.132583
0.481416
0.042811
0.429327
0.507320
0.220363
0.001924
2.083659
0.370700
3.880283
0.325156
1.246414
0.740130
0.323621
0.332394
1.593527
0.341046
0.611520
1.124080
3.828863
0.194762
5.118737
2.491559
1.070896
0.199826
0.836748
1.837010
4.047407
1.783454
1.765673
1.079332
0.199774
0.068895
1.286669
4.139237
0.010658
2.378110
1.233753
7.400064
1.605895
2.754571
0.130584
1.063157
1.715712
1.396478
1.530886
0.311910
3.211290
0.812555
1.162931
1.937009
2.536324
0.363509
1.625654
3.621675
0.594074
0.542854
0.077065
0.372812
1.655169
0.744034
1.779851
2.792967
0.494853
1.401131
0.630495
1.503822
2.798280
1.983687
1.729569
3.692430
1.731310
0.676207
2.074141
1.673775
0.198781
0.339438
3.082266
0.050792
3.317368
0.420759
0.086540
1.189403
0.250298
0.030241
0.137541
0.375867
0.533614
1.594322
0.412901
2.257307
0.042246
4.416338
3.757133
0.167951
3.093384
0.313827
0.114045
0.709260
1.989884
4.166225
2.082741
2.328226
1.099394
0.972056
1.368634
0.789210
0.984182
0.268036
1.749715
0.145742
0.662047
0.758917
1.012593
3.902959
3.339260
0.813499
0.639443
0.309320
2.824829
1.642527
0.503409
0.476502
0.131933
3.385338
1.099680
1.286993
2.515121
2.426014
0.985330
2.211824
1.434110
0.617381
1.914860
0.976000
0.571056
0.945771
1.122048
2.286871
0.556325
1.256007
1.396595
1.253999
0.839950
0.304994
1.657516
0.218191
4.663445
0.735265
0.453968
0.143977
2.971411
0.812476
1.747659
4.189217
3.171329
2.946073
0.703249
0.711170
0.990105
0.077933
1.047247
2.159932
0.758841
4.669609
0.484701
1.774911
1.805257
0.360828
1.565450
0.334338
0.220045
1.317751
2.938587
1.039446
1.921602
1.062228
1.505944
2.376770
0.405505
8.545091
0.692097
0.105377
1.805868
1.331144
0.285044
0.663828
0.826230
1.228345
0.119934
0.973019
1.984546
0.217450
0.512014
1.546848
4.707137
3.597805
2.531614
6.514153
2.151455
0.311797
0.523586
0.800017
0.912350
0.984888
0.770884
2.278275
0.582892
2.985079
1.564540
3.028915
1.369318
0.791148
4.010468
0.140806
0.313489
0.883283
1.719020
0.902961
1.786916
2.457015
4.233974
1.734507
3.225375
2.818523
0.360013
0.071726
0.227644
0.788745
0.912519
2.105484
0.098371
0.911846
0.028187
1.096159
1.970858
1.438403
3.561958
0.229937
2.280995
0.625972
0.320047
1.612050
3.077985
3.241578
3.838888
5.531855
1.465396
2.860154
0.707644
1.010257
1.554442
1.056014
8.914291
1.600297
1.912892
1.280099
3.011772
4.530111
2.170596
2.136355
0.053209
0.403167
1.512580
1.696014
1.337607
4.626981
0.754974
0.878753
2.176640
0.259903
0.196639
1.468804
5.122910
2.565661
2.896646
2.222059
0.062105
0.731160
2.199475
0.460363
1.510573
0.128538
0.311346
1.609906
9.381109
3.266822
1.044489
0.525339
0.085668
1.703976
1.421658
0.665896
0.171077
1.084983
5.570770
0.168668
9.266550
1.051024
2.840866
1.063994
0.138445
0.434761
2.722464
6.915465
3.327853
0.630008
0.572933
1.096729
1.803733
2.637758
2.936316
1.987127
0.086880
0.303592
0.350326
0.663115
0.796744
1.905863
4.545196
1.321281
2.497597
3.388841
0.860201
1.797954
4.455988
1.098918
0.080587
1.339059
0.896789
0.521446
0.933353
0.899621
1.822283
1.724068
3.232467
0.554469
0.161259
1.257171
8.271609
1.624707
0.050556
1.574969
1.352645
3.535141
0.918756
0.144784
1.238449
2.342559
0.836988
0.621186
0.461982
1.420241
0.713305
1.415411
4.766349
0.680668
1.199655
0.030801
0.538325
1.268218
0.699814
2.372534
1.284512
0.009920
0.258923
1.234378
1.767010
0.070430
4.665497
0.287038
1.360562
2.691030
3.361907
0.070526
0.236676
0.023809
3.127977
0.898871
0.111578
0.407486
4.546144
2.237442
0.165649
0.219939
0.380461
0.293538
3.039643
0.056581
1.471366
1.502949
1.484486
0.128089
0.795654
2.573531
1.018900
0.003804
1.911582
2.708753
0.258760
0.449637
0.040505
0.312699
2.362328
2.151455
2.867258
0.080491
0.250244
3.414037
1.245679
0.422699
1.129319
0.116962
1.412826
3.451956
1.380882
1.081684
0.048521
0.521186
2.614820
1.005060
1.383873
2.535828
0.782331
2.095642
0.844445
1.129319
1.017366
0.670613
0.702444
0.539833
1.570658
1.376062
0.173645
5.754266
0.390821
0.462979
0.331709
1.196399
1.938175
5.565149
8.518063
2.462442
1.778352
2.205438
2.063052
0.843882
0.662261
1.772521
1.831102
10.220533
0.914623
1.321613
1.500084
3.073005
0.976263
2.456779
1.076421
0.823691
2.561362
0.151149
2.597133
1.370915
9.919527
0.569918
0.364792
0.446613
1.093215
0.449761
4.244018
0.456386
0.864186
0.471417
3.006327
2.464097
0.529177
3.250745
0.833713
3.915361
0.867855
0.367890
0.681821
1.701412
0.667181
0.513109
1.307975
4.367574
0.253547
0.087608
4.754318
0.637551
1.733635
0.573537
1.010527
0.350210
1.072205
0.422638
1.292509
0.128139
0.408207
2.077977
2.468125
2.131797
0.616621
0.748325
0.126594
0.458933
0.054206
0.120430
0.841794
2.359677
0.733099
0.378457
0.653814
0.093053
0.154444
1.595780
0.058769
0.044272
0.368475
3.715687
0.510405
1.008284
0.480974
0.390227
1.091224
0.912434
4.735913
2.590168
1.550318
2.862312
4.247899
2.739711
0.417248
0.897288
4.152306
1.203326
2.226496
1.160052
1.286453
0.149378
0.446182
0.485270
0.345074
0.869653
0.388862
0.365727
0.347611
2.652978
0.550367
4.661396
3.681202
0.734368
0.416402
0.728926
2.004966
0.202706
2.160512
1.073703
1.300658
0.113699
0.132783
0.558250
0.233945
1.919297
0.799237
1.347803
0.375514
1.187280
0.515624
0.614758
1.210593
2.284350
0.207639
0.950681
0.696096
0.320501
2.195117
1.240855
0.313714
0.085280
0.797055
0.770425
4.897065
0.104739
2.255864
3.602346
0.323281
0.766681
2.474783
0.736760
0.137441
1.447146
2.315099
1.187078
0.612415
1.742823
0.337029
0.504946
1.539804
2.221656
0.335940
1.832499
1.279025
0.118348
6.175218
0.550037
2.640949
0.761196
5.295412
2.936316
1.085077
1.654341
0.152365
3.304468
1.188796
0.240486
0.110345
0.500083
1.979570
1.147014
4.455988
4.312211
1.614331
1.683868
2.900756
7.096172
5.225206
0.187223
0.352988
0.958813
0.189610
0.366896
0.510662
0.058007
0.350731
0.011396
0.973720
1.259395
6.725557
1.259819
0.077547
0.349401
1.473443
0.153582
2.588110
2.297421
0.590880
0.801969
1.092171
0.110986
0.794876
0.170205
0.338462
3.162633
4.263524
0.074129
1.438761
0.814681
0.955953
1.006760
2.137306
4.197461
0.064015
0.929180
1.228760
0.109459
13.516370
1.814897
6.455457
3.127241
1.990747
2.478124
0.874893
0.087705
3.982209
3.016894
2.195315
0.520733
0.818310
0.419729
1.967286
0.299171
0.442919
2.341687
0.540949
2.007931
0.079042
0.229830
1.428879
4.473952
0.400774
0.697335
3.315697
0.571592
0.470226
1.720749
0.403826
3.210122
0.919769
0.709994
1.393462
1.786765
0.808312
2.550294
2.402211
0.328229
2.451373
1.343313
2.710146
0.953531
0.828614
1.413883
1.177413
2.989439
0.453039
0.642461
1.830791
3.605888
1.275271
4.550892
1.413178
0.068512
1.454734
0.842918
0.671544
0.124951
0.204698
1.567921
2.147810
3.417160
0.098078
0.636151
0.237534
0.622987
2.879069
3.282257
7.176119
2.150111
1.365786
6.232477
1.538782
0.356409
0.763175
0.123807
0.012872
1.885291
0.741330
1.537633
1.305132
1.476380
1.228760
0.104493
1.322386
1.074265
4.879201
0.819100
1.567921
1.185967
0.798614
1.923581
2.380346
3.220665
0.456821
0.020417
0.230951
4.862717
0.606848
3.554597
0.178535
0.392128
1.464180
2.832675
1.108281
0.444457
3.101686
2.495179
0.753460
1.687248
1.286669
1.457634
2.594033
4.971989
1.142595
1.670425
2.027436
1.038897
1.215835
0.326749
4.461355
3.158868
0.739606
2.969752
0.369880
4.505917
0.960635
3.185807
2.791789
1.221405
1.417883
0.653955
0.950767
0.827898
0.271214
0.129935
1.144361
0.314279
2.820922
1.224301
0.319537
0.039752
1.907331
0.614137
0.060579
2.762345
0.996674
1.171404
1.024328
1.050379
1.669310
1.805105
0.292592
0.126693
2.341469
1.438642
0.206956
1.211311
0.125001
1.164523
0.375338
5.252288
3.694041
0.540358
1.342528
1.068747
0.972231
1.704832
0.896206
0.861013
2.328010
1.657655
0.170257
0.753158
1.761519
3.882718
1.234483
0.035012
3.129451
0.075861
0.993386
0.670541
1.185765
5.357622
5.109046
0.006009
2.548791
0.211482
2.782690
1.017998
0.863942
1.705545
4.886321
3.239196
4.143581
0.821235
0.382232
8.237899
2.266613
1.924242
2.163027
0.473738
1.498840
0.132233
0.105181
2.088625
0.597615
1.460661
0.854040
0.184425
1.502824
0.258107
1.251466
0.435373
0.732055
0.234052
1.663471
0.624236
0.228284
0.233517
3.431072
3.590266
3.055353
0.124056
0.957772
2.661051
2.753709
5.370708
0.613379
1.999228
0.457131
0.749758
1.740484
2.461969
2.295305
0.622294
0.369470
0.793244
0.869489
2.117831
0.831719
1.266939
0.250082
0.834511
2.525192
1.821204
0.681893
0.880316
0.664897
1.479690
3.476385
6.458847
0.074225
0.509697
1.649109
1.432087
3.159620
0.297551
0.446305
2.486027
0.171026
3.943012
0.134784
4.992276
0.242691
0.002749
0.186704
1.241693
3.848981
0.046065
2.421407
2.069768
0.031128
1.716143
0.543709
0.010935
1.111543
1.311044
1.479690
0.316651
2.576078
0.420819
1.837789
1.315989
0.464538
0.926291
0.142114
0.441321
0.038296
0.243606
0.508861
0.722465
4.335924
0.176989
0.709333
2.429478
2.422327
1.618096
5.524556
0.972494
2.172153
1.419651
0.255554
0.181529
0.824087
1.329255
0.814523
1.556120
0.345189
0.164116
0.500339
2.394737
1.251783
0.810432
1.501453
0.913865
2.048632
1.375146
0.691154
0.094417
0.968822
2.417961
1.041553
1.983343
0.945255
0.281726
0.395401
0.687747
0.014443
0.835150
0.276433
0.761196
1.182137
1.042837
0.373869
0.930371
1.213468
0.474617
0.539046
1.715568
1.345107
2.590168
0.806038
2.223066
2.586055
0.360420
0.383709
1.887706
3.374445
0.380048
1.813056
0.315182
1.076327
0.054728
4.076934
1.038348
1.093120
0.613862
1.887384
0.364442
2.966110
2.360560
5.685836
0.403107
0.501937
0.733920
1.686825
1.027412
0.089501
1.224301
0.382173
0.073552
1.503198
1.525813
0.113502
1.898054
1.144558
1.181030
1.040820
0.108769
0.635242
0.321124
0.438927
3.312361
0.217132
1.388371
0.148721
3.623724
0.250460
0.292592
2.983071
7.701776
0.266012
0.143272
0.245384
1.020978
0.375161
0.540424
0.282334
0.017728
0.518985
0.187275
3.968599
0.476565
1.029775
2.386625
0.479209
0.595367
0.686010
0.274398
4.211049
2.562878
4.358343
1.865633
0.264373
1.058700
0.098176
0.150795
4.726259
2.347368
1.593660
1.416588
1.691766
0.882871
0.860363
1.038165
3.553129
0.471166
2.520762
1.469414
0.599730
3.455618
0.616897
0.932927
1.467221
0.967076
1.268964
3.224981
0.006790
0.743508
1.831102
1.707259
1.025960
2.916990
2.151647
0.599252
1.130389
0.967600
1.998360
4.405076
5.091213
1.224301
1.089046
3.409141
0.203177
0.775560
3.915361
0.059959
3.990696
0.440338
2.010203
0.114342
2.008106
0.235176
6.861243
4.563309
6.665947
0.696606
0.928840
2.670254
0.376220
2.342123
1.574445
1.117702
1.331144
1.673356
0.125996
4.170648
0.842998
0.596933
0.556524
0.861013
0.053399
0.378634
0.909662
1.524801
0.251868
2.414981
1.352645
1.284189
0.709994
1.981455
3.311112
1.874232
4.609077
2.611684
2.180944
2.311248
0.277700
0.470853
7.678640
3.699963
2.845741
1.045408
0.034778
7.106588
0.171026
0.638321
0.782254
2.229123
3.532727
1.756048
1.621331
1.745752
1.179321
0.745839
0.777096
2.282671
1.657793
1.605895
0.191586
2.540800
3.072650
1.317090
0.724690
4.565228
1.049733
0.175445
3.488047
0.012642
2.286660
0.110641
0.356700
2.101205
2.287081
1.359768
0.678220
0.349690
0.796432
1.216041
0.931393
0.807763
5.046875
0.489768
0.723725
1.647186
0.635032
0.457566
1.095018
1.444506
1.188594
0.144683
3.498385
0.566842
1.053702
0.494089
1.199146
1.171503
3.200426
0.467223
0.649079
1.065298
3.657422
0.476943
0.709847
0.555397
3.191176
0.404905
4.009142
0.243498
0.595639
1.259395
0.318405
2.337766
1.337607
3.557047
2.336462
0.303872
2.117080
1.488185
0.275608
2.288133
1.516475
0.567577
0.094612
0.943794
2.740279
3.283891
4.304121
1.294135
1.204756
1.598701
2.312744
0.027487
0.181219
4.937132
5.325397
3.298678
5.620393
1.713271
1.815050
1.511827
0.245222
0.426831
2.099720
0.262518
1.947704
0.981274
3.654803
3.343933
1.249991
3.145019
4.327705
0.436659
2.083843
1.495238
0.846294
1.079238
3.521192
0.103071
0.605202
1.037708
4.412864
1.947537
1.366242
0.180599
0.785805
2.621376
1.778352
0.230845
3.043816
0.493580
0.698793
0.590269
1.555733
0.078222
1.127668
0.227059
0.520344
10.025453
1.048720
0.516593
0.044743
6.510636
1.602027
0.647457
1.685839
0.863942
1.260773
1.153420
0.333480
0.108081
1.834519
0.139901
0.947061
0.043659
3.406478
0.361119
0.504434
0.223495
0.938650
0.099251
0.590880
0.981274
0.663614
1.944019
0.069231
0.042905
0.183338
1.728844
0.286318
1.217998
0.046017
1.919132
3.100963
1.140930
0.606231
2.033639
0.264318
0.387439
2.063233
0.938137
1.764039
2.048094
0.476062
0.963243
0.994274
0.336399
1.075577
1.312690
1.841222
2.214627
0.819495
7.045146
0.132583
2.563384
2.345617
0.311572
0.079187
2.606211
0.601165
0.141762
0.378987
0.621532
1.720605
0.690863
0.517498
1.717725
0.371521
0.861989
4.030504
1.323050
4.842942
0.108327
2.548290
1.142792
0.917067
0.198885
0.612759
5.714487
6.981307
0.596797
0.158661
0.315578
3.749867
1.391724
2.859230
3.975712
1.114042
3.484305
2.703747
1.692190
0.353162
0.001328
0.460985
1.488802
0.685070
0.456138
4.409398
0.327432
2.289396
2.329956
1.691483
0.320841
3.780285
5.052180
0.984447
0.951889
3.567380
2.889088
0.595639
0.311121
1.371258
0.766528
0.676566
0.900455
1.135943
3.995943
0.535902
1.157475
0.207324
3.555086
0.054348
0.809411
0.012780
0.772109
0.140655
2.422788
1.849367
0.480281
5.314280
0.844847
1.839504
1.019713
0.082327
2.575059
0.085135
1.417765
0.089016
0.303816
0.997208
2.589396
2.008106
2.085680
0.584919
1.350053
2.958853
0.350789
0.083440
0.616345
0.117160
0.935829
3.383153
0.127989
2.147043
0.956559
0.334052
1.468804
0.920107
0.585392
0.081167
0.193407
4.987179
0.610557
3.371409
1.346118
1.762408
0.614896
1.089708
0.555861
0.738482
3.396752
0.482742
1.130194
2.495179
1.729569
3.011090
1.186775
0.839790
1.841847
1.038165
1.155496
2.323478
1.460782
2.666999
0.247542
1.331144
2.939236
0.967861
0.624653
0.159425
2.125176
0.930371
0.677572
7.964417
0.897122
0.945771
0.953098
0.308532
1.811830
0.281616
0.347149
2.313172
0.828296
1.292184
2.583491
2.137306
0.151960
1.574707
2.032042
0.692824
2.317029
0.155358
1.327480
0.027954
0.030287
1.635428
1.735963
1.242007
0.321351
2.060157
1.260243
1.880152
2.143026
1.904884
0.780173
1.381801
3.685470
2.186047
2.898541
0.162840
5.229685
1.397640
0.518403
0.044885
0.293705
3.657946
3.277366
2.185064
0.316030
2.549292
1.055644
0.915212
3.186573
0.536622
3.277366
0.572866
2.130281
2.747122
0.148570
0.334281
1.706973
0.231859
1.656964
5.081698
0.127391
0.587897
1.024781
2.351094
0.916308
0.651056
2.565661
5.593469
0.511885
0.203282
0.766834
0.687747
0.262136
0.030241
0.453101
6.229561
0.455332
0.387261
0.009414
3.991351
0.023855
2.239681
0.300848
0.340012
0.049514
1.112407
1.506069
0.985330
0.191274
0.020000
0.637971
1.014483
1.245679
1.030593
1.927547
0.059150
0.772799
0.001007
2.258132
0.551953
3.489452
2.123101
0.350095
1.096159
5.222226
2.917310
2.552802
1.136236
1.817355
0.923493
0.448279
1.039080
2.518061
0.790295
1.223370
0.264428
0.210955
1.370231
0.773565
2.951958
3.573316
3.863948
1.575623
3.375314
0.236515
0.289535
0.039423
0.509247
1.655997
1.854717
1.013853
1.266087
0.234533
0.412238
0.406165
1.653376
2.382585
1.375604
2.263297
1.028593
8.099993
2.502444
0.189507
0.632937
1.003718
0.555662
0.887330
1.573269
0.861989
1.653100
0.635662
0.444765
0.047859
1.623356
5.380598
2.070860
2.923083
0.025623
0.300960
4.550892
2.179573
1.778652
0.096271
0.339610
0.885264
0.057817
2.869737
0.955174
0.829330
1.554055
1.848739
4.146483
1.905700
0.532830
0.510019
0.175908
2.821222
2.417273
1.465639
0.143977
0.834032
0.079332
0.427500
0.092761
0.113304
0.391296
0.075187
1.356033
2.605171
0.758537
2.521008
3.649578
2.420717
0.740655
4.164019
1.430066
0.597547
0.601028
0.456572
0.079525
0.401431
1.395434
1.083568
3.172846
1.182439
1.607231
0.560310
3.698346
0.523456
0.831958
0.349401
3.186573
1.660699
2.339290
2.027259
0.206326
0.348304
2.872530
4.816595
4.340877
0.458871
0.791381
0.737284
1.098728
0.956992
0.891969
3.589764
0.304265
0.791846
0.024879
1.100443
0.003529
0.331880
0.565907
0.892550
0.575013
0.409890
0.625278
1.292292
0.627989
2.612729
4.434711
1.625654
0.713820
2.656471
1.537123
0.533614
2.334941
0.342483
5.387228
0.206063
0.485523
1.006044
3.052198
0.364676
1.345332
0.110789
2.032219
0.174108
0.443780
0.769125
1.881114
1.103497
0.727587
3.203909
2.596099
0.168156
0.368241
1.616481
1.106174
0.573537
0.883861
0.042246
0.642461
2.353070
3.729926
1.641022
0.129735
0.412901
2.725841
0.833952
0.431218
0.583365
0.059197
3.534658
0.549839
0.897621
0.813735
0.998276
0.672977
0.028373
0.238982
0.168156
2.149727
0.008124
1.951230
0.882788
0.769966
0.833792
1.068467
2.139020
0.143524
1.406382
2.060157
0.136388
2.630602
2.067405
2.373647
0.040552
0.558848
1.947034
1.158466
2.667270
1.246834
1.584680
1.565970
0.019721
5.444797
0.140806
2.112394
0.327659
1.436255
0.919093
0.228124
0.824960
0.357803
1.222335
0.047481
1.537378
1.162335
1.768944
0.149834
1.323271
1.617019
0.691154
0.406885
2.266198
2.430635
0.037122
0.492944
2.944768
0.412540
2.164770
1.466734
5.182577
0.022367
1.278381
1.009360
0.780404
2.735451
5.548409
2.638555
0.484258
0.051834
1.350504
1.010617
0.632518
2.759461
1.389642
2.155110
2.557076
4.320346
1.135748
2.788554
0.491101
1.217792
0.677716
0.710876
0.968560
3.640738
0.920699
1.414706
0.339610
1.053609
0.336055
0.528396
6.098559
3.749867
3.236817
3.758815
2.206035
1.338724
2.359236
0.600208
0.748250
0.673622
4.088770
0.806822
4.644090
0.228231
0.808940
2.921156
3.734334
1.171004
3.652188
1.357730
0.113798
2.636695
0.331937
0.149378
0.227644
0.017636
0.396295
7.209331
0.313094
0.912855
1.967626
0.387735
1.421658
2.488430
1.949382
0.445196
3.281849
1.515343
0.109656
0.828216
2.477169
1.249149
0.610351
0.172720
0.855497
0.587152
0.175908
1.916994
0.959941
0.976790
0.245276
0.255228
0.525599
0.413444
0.589930
2.318746
0.607328
0.292313
3.060275
1.368178
0.066214
0.270939
3.318623
1.217586
0.313884
0.882541
1.331478
2.390225
1.504446
0.159374
0.301296
2.037551
0.711170
2.644414
6.892634
1.949550
0.087899
0.578106
1.550447
0.388506
1.426982
0.188209
3.521192
0.541671
0.689340
0.494980
0.058293
0.577635
0.342656
1.813669
0.413806
1.278059
0.136689
0.823611
0.094466
3.303639
1.522778
2.388424
0.529308
2.405166
5.524556
2.654858
0.631332
0.731607
1.196907
1.213571
0.875385
0.765079
0.313207
2.258338
2.573785
1.910764
0.097150
0.065448
0.287925
2.273265
2.467176
0.247110
0.968909
0.042246
1.041186
0.153987
1.224819
0.044508
1.986094
1.999228
0.942249
0.546474
0.975824
0.088336
0.042293
1.016284
5.533685
0.730713
1.433395
3.837705
0.687023
0.683048
1.285159
0.375926
0.513689
0.103414
0.502385
0.013334
0.218720
0.083924
0.550433
0.538718
0.373223
2.244375
1.453044
1.881756
1.235943
0.151960
0.710582
0.071438
1.013763
0.609113
0.288314
0.644288
2.602054
1.522273
0.528917
0.116517
2.339072
0.078126
3.479641
0.742832
0.944482
0.161820
1.444266
0.449576
3.714597
0.476377
1.124758
0.702664
2.035416
0.285542
7.080681
1.196907
0.559379
2.375877
0.530481
1.587184
0.578645
1.565450
1.370915
1.684994
4.844098
0.263391
0.155104
0.054063
0.718026
0.274563
5.089850
1.874391
1.657240
2.620587
4.500389
0.527550
0.123857
2.601017
0.230364
1.182338
1.880473
0.334509
3.214799
1.247150
0.734144
1.526193
0.450503
0.289313
3.139069
1.260243
0.293760
1.312141
0.543249
3.801489
0.944138
4.042655
2.716013
3.217142
7.260569
2.817324
0.894959
1.024146
0.412540
1.176510
4.668580
0.843320
0.651975
1.434824
0.041822
2.470500
0.098762
0.130833
0.837148
0.703102
1.125049
2.399262
0.273134
3.572821
1.006581
2.404256
2.465281
0.289535
2.229326
1.882559
1.505694
0.540227
1.262897
2.463860
3.582266
3.217142
0.912855
1.999575
3.878459
1.743116
1.653238
1.661114
0.137140
0.539177
1.177413
2.358574
1.962366
1.200878
1.539931
2.795621
3.326591
0.058055
0.991168
2.144555
2.218439
1.606028
0.765765
0.012272
0.134184
0.801423
0.877274
1.947872
0.035903
0.764317
2.716853
0.437088
0.089939
0.458435
4.046727
0.197945
0.522937
0.046206
0.227858
0.269295
1.356824
1.368520
2.439454
2.017037
0.329768
2.202453
0.980393
2.202652
0.052356
0.248838
1.433395
1.402530
1.006581
2.289185
0.087316
0.672188
2.349559
2.413379
0.731383
2.182905
2.288975
0.055013
1.179522
0.326919
0.457317
2.798872
1.853141
3.430171
1.533428
0.044036
3.392352
0.108327
0.164729
0.325668
0.438988
2.731487
0.054490
0.761120
1.116256
2.184082
3.184659
0.764393
1.499462
4.913933
0.325838
0.760664
3.026159
0.726546
0.149985
1.260879
1.565060
0.895874
2.510965
0.444642
0.560643
1.129222
1.344771
0.276653
3.723337
0.814051
1.523410
0.782177
1.076984
0.756262
0.605271
1.740776
2.966441
4.196710
0.879411
1.333036
0.105181
1.877589
1.185160
0.291035
0.134534
3.742635
0.678507
2.707082
1.311593
1.270032
0.457442
1.680075
0.186186
2.957866
1.409191
0.585527
0.160189
0.181994
0.353046
1.014213
1.127474
1.075577
1.219339
0.165904
3.679073
0.196274
0.144179
0.732204
0.862395
0.672403
0.361003
1.878069
2.037195
0.917658
0.416885
1.382261
0.700179
0.052782
0.094027
1.562852
0.534267
0.733248
1.589295
2.327362
1.116834
1.209670
0.456076
1.894489
0.371169
2.288343
0.701348
2.351972
0.677357
0.960809
0.449823
0.503025
0.688616
0.330110
0.511305
0.591220
1.510699
3.346487
1.980770
0.679659
1.127959
2.514142
0.480407
1.079426
1.984374
0.631193
4.375169
1.386755
0.914707
0.457131
1.907658
0.541343
0.893048
1.198128
0.910333
0.223707
0.569048
0.608083
0.855335
2.170985
0.130234
0.103708
0.339610
0.593054
0.998098
1.156584
3.853157
0.443534
4.549941
2.338201
5.960941
0.643726
2.060699
1.244314
0.059102
0.937624
0.434456
0.630077
0.478013
1.769838
2.716013
1.375947
0.012549
0.597206
0.550433
0.626528
0.936940
1.057495
0.728554
1.148195
2.731487
2.623216
0.322372
1.120984
0.862965
2.641482
0.376926
0.042528
0.139399
1.559482
1.964739
2.255452
1.140244
1.785711
0.098469
0.932245
0.043141
1.971710
2.885950
0.000870
3.299917
0.197161
1.252627
2.202255
0.261101
1.773268
0.679011
3.274114
0.264755
4.709250
2.165352
0.199251
0.196744
0.172669
0.066644
1.209772
1.404747
1.399734
3.124666
1.110870
5.375645
1.734216
0.252517
0.078367
1.212338
1.583759
1.004344
0.395342
2.647887
0.547463
0.561707
2.095272
0.403706
0.581272
0.185150
0.173337
3.579774
4.362532
1.944689
1.435897
0.017080
2.817624
0.216921
2.471926
3.817153
0.938822
2.626641
0.576626
4.562350
1.796589
0.138344
2.808070
2.894753
0.491927
0.442120
0.476377
2.479557
1.723779
0.702079
1.232816
0.191118
3.448303
0.414892
1.051947
0.641758
4.037242
0.536033
3.907908
0.126893
0.648303
0.635662
0.830205
0.111232
2.093053
1.107514
0.449699
4.838326
0.942593
1.298372
0.931138
0.539177
0.662688
2.808070
2.331905
0.176938
0.084941
3.514504
1.275914
1.575492
0.961417
0.811060
0.171283
1.680637
4.307352
0.158916
1.486211
2.889088
2.572767
0.486979
1.030138
1.376520
3.380100
0.023437
1.709976
7.765278
0.940106
0.524560
0.195283
0.091544
0.772492
0.302024
0.144179
0.129435
0.088044
0.979601
0.176938
0.353741
0.660340
2.551799
1.209567
0.042999
3.896182
1.620386
1.045684
0.665824
1.323492
0.318971
5.217769
5.649786
0.104935
1.191427
0.102483
0.986036
0.495681
0.705445
0.365376
0.039236
13.181655
0.272970
0.013150
0.212589
0.496191
0.670183
2.295939
0.564706
1.009988
1.626060
1.174806
1.875190
0.423670
1.218927
0.499508
0.996763
0.264865
1.000593
0.620909
0.216075
1.786012
1.622545
2.717133
1.139265
5.608795
4.774055
2.820022
2.692959
4.050811
3.556066
0.615379
0.008170
1.322829
0.320331
1.039263
0.309995
2.668897
1.714563
1.315549
1.405097
1.255161
0.792002
2.285820
0.487739
1.060463
1.114619
0.534463
0.258597
1.109719
1.470634
0.305162
0.085474
2.942813
1.035880
0.016663
3.985467
0.102924
1.794619
0.035481
2.947705
7.010434
4.116281
2.518307
0.684926
1.681619
2.224074
0.234908
0.587693
1.031868
1.220372
0.010935
0.284214
0.810353
0.134734
1.025506
1.583495
1.529235
5.232679
1.411418
2.251135
1.257912
0.237909
1.270352
0.472733
0.721724
1.160052
2.028498
0.286318
0.119885
0.532112
2.049529
2.909010
0.567443
1.500208
3.281441
0.219833
4.048768
1.584812
0.930882
2.018091
0.882623
0.417006
0.055773
2.473830
0.741180
0.750664
0.573738
1.710835
2.978063
6.125489
1.749421
1.643074
0.116220
0.946717
0.004814
0.031736
0.508797
0.918671
2.050068
2.963137
5.052180
1.524295
0.212589
0.359955
0.994185
0.014212
0.470915
4.113436
0.430547
3.752658
4.199717
1.919132
1.221508
2.734034
0.197997
3.577784
0.079284
0.722539
2.888146
0.534725
0.183907
1.042011
0.981274
2.030269
0.061628
0.642531
4.533868
1.544667
0.577500
2.259163
0.350442
0.304209
3.595287
4.129869
0.479146
0.805333
2.393156
3.878459
0.220628
5.786433
1.967116
0.002199
0.047529
1.589295
0.860363
0.507320
0.314956
0.927225
0.312530
0.880070
1.696581
1.169705
0.083924
0.537866
0.759904
1.090939
1.710835
3.326591
2.905195
1.250939
4.201977
2.995834
2.314885
3.895567
0.540161
2.126120
0.384833
0.061723
0.470101
0.123062
0.221052
0.116269
1.809993
1.698711
0.266777
0.016062
0.776558
0.705518
1.463573
0.075331
2.446922
0.566441
0.598297
1.132725
0.085522
0.011580
0.583162
0.151605
0.841073
1.175307
0.201396
0.561907
0.594550
3.883937
1.384794
0.940449
2.139592
0.015229
0.025437
2.138448
1.513082
0.024925
0.732055
1.470634
1.826144
0.102140
1.951398
0.678004
1.038897
1.985406
0.498742
2.818223
0.197892
0.115577
0.577500
0.992498
0.359140
0.135436
1.391146
0.295320
4.216367
0.150441
0.223548
1.040179
0.723429
0.018979
0.431828
2.249493
0.181529
4.359180
1.531902
0.620562
0.645836
0.202339
0.949215
1.473076
1.047431
1.484609
0.137592
0.707938
0.986301
2.721902
1.026867
1.471488
1.330255
0.237265
0.206168
1.886257
0.623681
2.822123
0.098322
0.088433
0.131833
1.719884
0.413022
2.744267
1.927547
0.035715
2.339725
0.829330
0.807841
0.259358
0.091300
1.519749
1.320288
1.532792
0.866305
1.644992
0.121373
0.282389
1.278166
2.459372
2.639087
0.004814
0.088336
2.052944
2.933724
0.531459
0.341391
1.495238
5.216286
0.884769
6.524753
1.444386
4.574862
2.285189
2.064683
0.217397
1.738003
1.794771
2.090099
1.264066
4.156687
1.336156
0.347495
1.400432
0.397787
1.507944
2.554058
3.987426
1.488926
2.804799
0.994896
1.052132
1.984718
0.751268
0.395521
0.271268
2.528894
1.538143
4.892281
1.962197
0.647316
3.155863
0.212115
0.627432
2.893177
0.366428
4.295271
0.502385
0.592374
1.447387
0.217132
5.014137
0.272146
1.103974
6.217956
0.524949
3.498385
0.042340
1.363740
0.323962
1.288073
0.234854
0.141410
0.806273
0.181942
0.022739
2.095087
0.857279
1.214600
1.491893
2.328658
1.394621
0.907145
6.458847
1.926720
0.539440
0.574745
0.247542
0.124354
0.493835
0.812004
0.362576
0.782254
4.746712
2.489151
1.299025
0.453844
2.772774
3.867563
1.318633
0.404665
2.656471
1.217483
3.555086
1.475033
1.300658
1.385601
1.886901
2.585029
1.803276
0.757627
0.098029
0.057532
4.356671
5.128491
0.914117
0.910753
0.273464
0.142114
0.154343
0.714336
0.350384
0.908487
2.117080
1.048259
1.009809
2.380122
1.994029
3.132774
0.988865
0.632588
3.649057
1.636790
2.423709
0.828375
0.561042
0.532046
0.206798
1.205063
0.314730
0.173594
1.785410
3.120994
0.130184
0.049893
1.133504
0.530416
2.543293
1.011425
0.329198
0.220151
3.561466
0.047292
0.426466
1.560907
0.665753
2.651101
0.151504
0.468286
0.541671
1.518741
1.177413
3.972475
0.926801
0.487739
1.649109
0.444888
3.264803
0.498040
0.511499
0.050319
5.383909
2.111084
2.118207
2.052944
0.289979
0.101307
0.402449
1.270459
0.869407
0.926801
0.428535
1.536358
2.248058
0.325383
1.668196
3.901725
5.878047
0.450194
3.527910
1.344771
4.235515
0.576088
0.889814
0.269788
1.118570
4.286473
1.297393
0.638111
1.036794
1.914696
0.718026
2.703747
0.885264
0.687168
2.463624
5.948815
0.281395
0.755959
0.043848
1.499959
1.174706
0.943022
2.204442
0.010197
0.426587
9.698073
2.809558
4.237057
0.826944
0.218456
1.526700
0.645555
1.572877
1.652411
1.851096
0.439847
0.421062
7.663411
0.499189
0.346630
0.674340
1.942013
2.547290
0.944310
2.691581
0.035059
0.682326
2.229933
0.416644
0.438927
5.419126
0.066740
0.309038
0.120133
2.445986
2.905830
0.342771
1.157574
0.399279
0.091544
0.613448
0.470602
1.426271
0.629729
2.240293
0.757627
4.155225
0.192470
1.376177
0.402030
0.190026
1.256747
0.048994
0.713378
0.168463
0.255066
0.343231
0.467035
1.185967
1.147998
3.571830
2.718534
0.380284
0.137341
0.479146
0.599730
6.589981
0.043848
3.120994
3.158492
0.735713
0.688616
0.345477
4.234744
2.018795
1.343201
0.011119
0.312248
2.709031
0.778172
0.813814
4.178048
0.030334
0.715885
0.789675
1.952408
2.840562
2.834188
0.951889
0.183804
0.086637
3.360616
0.041399
0.560443
0.047765
2.170596
1.206495
1.969837
1.199553
1.318743
2.676511
0.082859
4.701869
1.675872
0.687674
3.426121
1.102732
0.611933
0.713231
1.771179
0.335711
0.944739
0.691154
2.791200
1.079990
2.503172
2.006361
2.359677
2.031155
0.352293
0.730191
0.076294
0.325497
1.798865
2.462205
2.525192
2.013353
2.375654
1.432681
0.445196
0.571525
2.430635
7.055213
0.103954
1.718732
1.032141
10.597505
0.668395
0.082714
0.046914
0.462293
1.137310
3.831804
0.733845
5.041589
0.267434
1.907168
0.433111
1.390914
1.230319
1.273023
1.456787
1.199553
0.033701
2.923083
0.025530
2.365870
0.892633
2.294248
1.435063
3.403819
0.648232
1.827537
0.293148
1.416941
3.301570
0.766376
0.133283
0.193876
0.016710
0.045781
0.659061
0.737284
0.518274
6.304203
4.873293
1.245889
1.277630
0.654309
0.542723
4.253349
6.288975
0.377868
0.311065
0.787275
0.907313
1.137701
0.216498
3.193098
0.508347
1.787217
0.729000
1.689646
3.909147
1.933018
0.833952
0.526704
0.927055
0.061151
0.758993
1.370687
0.011626
1.990574
0.343231
2.505603
1.139950
0.943022
1.838568
0.685576
0.376043
1.928375
2.375877
0.035622
7.406433
1.663610
1.953586
0.423002
0.399757
0.533026
1.217174
0.545749
0.699887
0.161565
5.704191
0.117903
0.679371
6.051269
0.990725
7.381116
1.761667
1.471000
0.181787
0.228284
5.432762
0.071198
1.764930
4.317087
2.258544
1.161243
2.926621
0.811768
1.933849
1.972904
2.192746
0.951544
0.971619
6.244195
2.296574
0.322145
1.912892
2.706804
0.006652
1.554700
1.884326
1.906678
6.721508
0.096905
1.086588
1.695305
1.043755
7.203744
0.915802
0.476125
1.513082
0.535444
0.000412
0.862477
0.243498
1.151150
1.114908
0.943966
0.691299
1.396595
0.272915
3.103135
0.998721
0.417067
0.532503
0.599320
1.421894
0.383059
2.025139
0.791458
0.823453
2.618225
0.521964
0.670899
1.970177
0.888571
1.799777
1.379388
2.867258
3.943646
1.394389
0.319311
0.122714
0.959073
1.574838
5.458670
0.209691
1.725225
0.401551
1.413178
3.666889
1.630669
0.159272
0.410251
0.842998
1.570006
0.513238
4.927320
0.319424
0.261755
1.337830
3.254748
5.296975
0.179567
0.087559
4.022457
0.405685
3.217533
1.816894
0.229030
0.202653
2.265576
4.531049
1.750303
0.493835
3.419395
4.571001
0.568780
0.775867
2.621638
0.627363
0.820444
3.195023
0.269953
1.197314
1.075671
0.533810
0.619593
0.429876
0.402329
0.368358
1.615540
0.050272
1.907331
0.044083
0.189247
3.798030
0.848388
0.445627
3.039643
2.286660
0.488880
0.214648
3.034788
0.489959
0.263227
2.388874
1.617423
0.782639
1.890771
4.791820
2.055644
0.424217
0.888489
0.724690
1.136431
0.007066
5.181128
0.020232
0.545881
4.360017
1.346904
0.166518
0.389692
0.540424
4.904271
0.326293
2.394285
2.209626
4.667552
0.453039
2.045765
1.637336
1.318853
3.471282
2.942813
0.624028
0.158916
3.469430
1.739024
5.839379
0.036278
0.005549
1.268111
0.574946
0.595299
0.427622
0.039236
0.830046
0.980217
1.852984
3.264803
0.183804
1.277737
6.553394
0.368241
0.159221
0.445997
0.508412
0.890974
0.929180
1.752952
0.859632
1.789328
1.172804
0.391296
1.693464
2.163607
2.923725
0.146650
1.325374
2.069768
0.171488
1.704261
5.003810
2.205438
3.402934
2.393607
0.035622
2.113517
0.410011
1.072018
2.039511
2.167874
0.938137
2.492283
1.892386
2.565661
1.367494
2.780351
0.625000
1.869448
2.542794
3.684936
1.759595
2.104925
0.124255
5.458670
3.891884
4.070706
1.103305
2.557076
1.249464
0.927225
1.790234
1.891255
0.999612
0.259358
0.509890
1.727395
5.580186
1.670286
0.633495
0.190598
1.758116
4.963198
1.657655
0.044508
2.998873
0.109163
0.854364
1.204756
1.412591
1.291101
1.477605
0.008078
1.572877
2.339507
0.783951
0.283993
0.604312
0.103463
6.713444
0.075091
0.466223
0.499125
0.191378
2.174883
0.853231
3.374011
2.200864
3.596294
0.141561
1.260455
0.169539
4.752141
0.632518
2.874707
0.693478
0.078078
1.911582
2.858614
1.894327
2.483867
1.261304
0.697408
1.586261
0.845892
1.607765
1.100824
0.201082
2.236628
2.402893
0.340759
3.296615
1.583759
2.763500
1.091129
0.371580
0.073600
3.300743
0.978107
1.319957
1.004881
0.109114
0.132483
0.671973
0.476691
1.893680
0.235390
0.299674
2.329740
0.519697
3.268440
0.036137
1.505944
3.592272
2.205039
1.467221
2.100648
2.257513
1.054811
0.543249
0.586407
0.890974
1.952576
2.557076
1.332368
0.255011
0.553740
0.550037
0.717361
0.251380
2.127065
4.465842
1.134089
0.620424
1.816279
0.792856
3.483838
0.061866
3.407809
1.720461
0.431279
0.554734
2.049529
0.765842
1.526573
1.169106
2.335158
0.408688
1.486457
2.359677
0.242045
0.980745
4.655265
1.452441
0.690936
0.626598
3.660046
2.400849
1.568573
0.266121
0.283329
2.074506
3.789417
0.066549
0.409169
0.056771
2.061423
0.041869
0.493580
2.166903
1.064088
0.826547
1.153223
0.363975
2.726123
0.668610
0.047151
1.358975
2.342996
0.266777
2.464807
0.338979
1.804800
1.620386
0.765460
3.119529
0.332280
7.387406
2.224276
0.113107
0.693623
0.053304
0.836428
0.799003
1.035789
0.029307
3.604875
0.038625
0.738856
0.904800
0.855335
1.221198
1.923251
3.848386
2.778891
0.291257
0.817599
3.262787
1.416705
0.819179
0.975649
0.050082
0.209902
0.385129
0.429145
0.580059
5.968264
6.943330
1.501702
0.481795
0.794021
0.005549
0.245869
1.538910
2.041295
0.163707
0.694205
8.600653
4.063816
3.212069
1.538271
0.757551
6.347685
0.548584
1.483624
1.653651
0.921207
0.118249
1.345556
0.848469
2.227304
1.313240
3.475920
0.903462
1.157772
2.439222
1.972051
0.778249
1.441990
4.933445
0.843480
1.612989
0.266067
0.610488
1.078111
0.277259
0.560110
8.703132
2.115016
0.099642
2.372534
3.545811
0.672905
0.056153
0.239573
0.188883
1.600829
0.181374
2.179573
1.087627
0.528201
3.734886
1.057773
3.052198
0.903462
7.865874
0.091933
1.337049
3.920351
0.590609
2.573531
0.012134
1.779851
1.320067
0.916224
1.120694
2.568702
0.475308
3.724981
1.006940
0.370759
0.491228
0.109360
0.178432
0.431828
0.031549
1.960505
0.574141
1.306772
1.735235
0.414108
2.549793
0.580329
1.970007
0.742607
0.499700
3.028915
0.337487
2.573531
4.904271
0.917320
5.003810
1.776855
1.233336
3.099516
0.932330
2.554058
2.139973
0.494344
0.114984
4.146483
0.322372
1.653514
1.653376
0.850889
0.404126
2.866948
0.937453
0.213750
0.894211
1.111927
2.244988
0.908571
0.030708
0.523975
1.975806
1.383642
0.075091
0.383709
1.312471
0.058816
0.021067
2.342559
1.671960
4.183250
0.478831
2.120840
1.660699
2.967103
4.085279
4.455095
0.275718
0.635452
4.296876
0.656152
0.382232
1.564021
1.974610
1.217071
4.591383
0.655018
0.480218
4.338398
2.066316
0.107441
3.221057
1.772521
0.425797
3.632465
1.404513
4.535750
1.447507
0.040458
1.228345
0.402389
0.466223
2.806582
0.027347
0.979689
1.202611
0.533548
1.652136
1.907168
1.432562
1.845445
2.336027
3.102410
3.681735
1.277308
2.217234
1.349378
1.163528
6.025628
2.229731
1.579554
4.017783
2.779767
3.223410
2.694613
0.111676
1.708402
1.457392
2.503901
2.122347
0.317273
0.207797
4.398187
0.057960
0.541868
3.251145
1.100824
0.827342
4.106347
0.527094
0.608427
4.370945
0.305499
0.003942
0.270556
1.652687
0.266887
0.426831
0.062105
2.057267
0.335998
0.241454
2.364762
1.476502
1.483378
0.366779
3.172466
0.953444
3.004630
5.223715
3.742080
0.801735
0.046112
5.565149
3.832393
2.024785
2.342123
0.306790
1.805715
1.269285
1.652411
3.129451
0.702590
0.258434
1.127474
0.111923
1.074733
0.733920
0.933780
2.198880
2.550044
1.245574
2.319390
2.549042
3.004291
0.159730
0.689558
2.403347
2.699035
0.290757
0.026415
2.076697
1.930032
5.561413
0.224611
0.104101
0.005457
1.378355
0.719356
0.881717
0.307464
0.421789
1.005418
0.298501
0.469475
1.911254
0.137541
1.830791
1.164324
4.261170
1.431136
1.641569
1.742384
0.904633
0.177608
0.809018
1.825990
1.346567
0.163963
0.455394
1.195078
0.744185
0.495426
0.491673
0.044508
2.381017
0.342598
0.145036
3.130558
0.562839
2.039511
0.793477
0.997297
1.653514
0.990459
1.820895
0.511499
1.259713
2.437129
2.642281
0.373516
0.280181
2.860154
6.166814
0.445073
0.625555
0.225302
2.443183
1.014393
0.549244
5.056171
4.794055
1.889318
2.310820
0.752780
0.149631
5.595376
0.329711
0.010151
0.918333
0.106212
0.059817
0.223813
0.076343
0.908151
0.044885
2.673243
1.596975
1.196196
0.169642
0.352930
1.326593
3.031676
3.188106
1.043020
1.011694
5.691930
1.474176
0.839630
0.081795
2.096012
0.811689
0.299842
4.876835
3.090507
1.038165
1.752657
4.512392
0.077403
0.959420
0.820761
0.513431
4.607100
0.794798
0.822740
1.181835
0.509247
1.006492
2.466702
5.134093
0.014027
0.354089
0.859226
0.635592
0.224398
2.829955
6.344537
1.668614
0.233142
0.284933
0.211218
0.919516
0.661478
0.108277
0.109163
0.090085
0.763479
0.227165
0.142315
2.570988
0.128139
3.201199
0.808704
0.850162
2.069586
1.132043
0.065831
0.536426
1.124758
0.285875
2.242128
0.511177
0.954395
0.374162
0.343576
1.737857
0.055868
2.561110
2.570734
1.961012
3.374011
0.573134
7.525966
1.138679
1.087722
0.702517
0.071390
2.131987
1.099394
2.311034
0.188312
3.378357
0.420334
1.591674
0.084844
0.895291
1.078674
4.977035
0.066979
4.165489
0.089210
0.297830
0.332623
6.557013
1.301421
4.483925
2.673243
0.792856
3.542893
1.054811
1.425560
1.329478
0.356177
2.980064
0.656364
0.007802
2.316600
0.795498
1.442229
0.512851
0.540424
5.934392
3.238403
1.324267
0.084989
6.560640
1.016284
1.460298
0.245600
2.085312
0.094076
0.528982
0.169283
1.278918
1.494990
0.243283
2.634043
1.695305
0.386372
1.161938
0.858415
1.336602
0.107343
3.280625
3.796878
0.126893
0.239734
2.640417
0.107539
0.396295
0.729298
1.363967
1.617558
2.021787
0.153125
1.114138
0.705298
0.075043
5.720698
4.548991
0.793632
0.761272
0.588574
0.864756
0.424460
0.737284
1.908801
1.305897
1.184757
0.246679
3.371842
0.558316
1.616078
1.931856
6.147388
6.808912
1.763594
1.873912
3.459748
0.277920
1.402879
2.885636
0.066932
0.637621
0.639373
1.187684
0.086443
1.220062
0.789675
5.451717
2.906148
0.257183
3.228916
3.183511
1.613392
1.527333
0.748325
1.477360
0.349517
2.462205
3.680670
1.341073
4.011131
0.303704
4.611055
1.126019
0.425189
5.328588
0.057627
5.214804
1.982657
0.806743
6.796109
0.459803
0.722761
3.795728
4.966959
0.653177
1.599233
2.084761
1.837321
3.015527
1.242846
1.698853
0.007848
1.539804
0.985506
0.755959
2.453721
0.451430
3.997915
0.104984
4.565228
1.715855
0.042952
2.686358
0.059531
1.336826
2.781813
1.497473
0.570721
1.123015
0.672117
0.288092
0.236140
0.812397
0.500466
0.821789
4.567150
1.297828
0.727141
0.748250
0.258270
2.408127
1.496107
1.660422
0.083488
1.357277
2.445285
0.830205
0.136488
0.389099
2.548290
0.593734
1.119728
1.293810
0.954828
0.253927
5.810468
0.944310
2.857691
0.998543
1.956619
1.146130
0.145036
0.472922
0.650844
0.413625
1.931026
1.670147
1.376291
0.182304
0.585460
6.507127
0.001924
2.528894
1.728989
0.012457
0.249649
0.196431
0.395223
1.620926
0.307127
0.873253
3.325330
0.460923
0.631681
3.519278
0.222167
0.461608
0.302472
1.737711
0.874155
2.206035
0.576290
1.400083
2.644414
2.059434
0.386550
1.474299
2.226294
0.352583
0.058864
0.572665
0.240755
0.445196
2.534339
3.849577
0.872189
0.511048
0.470790
0.115528
4.953215
0.442857
0.742607
2.244579
0.470477
0.492372
4.755408
2.097494
1.042562
1.020346
0.768285
2.028498
3.183129
0.863860
5.585865
2.651905
0.102287
3.014160
1.985234
0.855254
1.357616
0.522353
0.412962
0.022228
0.206798
0.234105
1.113753
0.164371
1.875510
2.606471
0.358501
2.195909
2.351313
1.308304
0.617450
0.123658
0.265629
1.011694
2.172933
1.734507
1.479077
0.748853
1.960166
0.152618
1.119825
0.264100
0.846938
2.111832
3.368379
0.173851
0.294429
1.034329
0.891554
3.494147
0.038296
1.046143
0.204960
2.498081
0.752931
0.544828
0.786965
1.558835
1.520001
7.725275
0.162942
0.392366
0.006560
0.271762
3.115870
1.983515
0.007572
1.972051
0.289479
1.984718
1.401830
0.306060
2.674876
0.606162
0.454960
0.783951
8.452551
0.292425
0.354843
1.436613
1.720605
1.970858
0.083198
1.178115
1.381456
1.514463
0.058436
0.875713
1.115293
1.058051
0.061866
0.011027
3.153613
0.014397
1.873912
2.570225
2.449966
1.245154
2.150111
0.741481
0.767139
1.053609
2.552551
0.781175
0.633705
0.094271
3.259164
0.483184
1.574576
6.601133
2.614035
1.221198
2.041295
0.324758
2.680333
0.701713
1.380996
0.367246
0.790373
0.771956
0.254686
3.094825
2.168263
1.143282
1.757525
4.440002
0.208744
2.369643
0.881058
0.444026
4.906681
1.485471
0.241776
3.671645
1.001664
0.210218
1.828001
0.289923
1.260455
0.578779
1.939175
1.702836
0.666609
0.088773
0.280070
0.833952
1.858189
1.769987
2.215428
0.699157
2.470500
0.059674
1.010527
4.103521
7.733191
2.181336
1.844506
0.519956
0.459430
2.488911
0.714336
2.438058
0.711759
3.223410
2.973071
0.733771
0.135335
1.794165
1.555216
0.381464
0.805725
5.244716
1.745752
1.397524
1.020617
2.602054
1.356824
0.490593
3.184659
1.672239
0.645344
0.222220
3.105673
0.289202
2.473116
1.373086
2.134454
0.691444
1.764782
1.068094
0.947320
1.222128
0.509890
3.723337
1.466734
0.092030
1.284512
1.265874
0.841073
0.801501
8.141092
0.962721
0.713747
0.194032
1.355468
0.634823
0.440399
1.131751
2.048094
0.585392
0.716032
4.522625
0.275003
2.186833
1.356598
1.386178
0.990902
1.016374
4.021120
0.962721
9.004138
0.496446
0.870307
1.783605
4.359180
0.040223
0.259576
1.134967
3.729375
0.593666
1.680917
1.217174
1.693039
3.581767
0.435924
0.227964
0.156729
1.752952
0.015460
2.567434
0.866387
2.833886
0.139148
1.522652
1.577980
1.989884
0.537670
0.129585
6.398972
4.726259
0.388624
1.708259
1.280744
1.080084
0.373751
2.866948
0.367305
0.497848
0.504177
0.225515
0.173285
2.021963
0.583095
0.688398
1.824444
0.395938
1.684712
2.986084
0.887082
1.579029
0.962721
0.544959
1.341744
2.998535
1.973757
0.554336
2.561110
1.974781
1.642527
0.631402
3.149123
0.089501
0.352756
0.087802
5.003810
0.591016
0.322940
1.465518
0.100083
1.205267
0.243391
0.329711
5.182577
0.177608
0.371169
0.099789
0.308813
3.034096
0.206115
1.344771
0.970132
0.928840
1.811524
1.252415
0.352756
0.154089
3.145391
0.016015
0.501809
1.663194
1.832499
0.130783
2.522729
1.288505
0.491800
0.230791
0.544959
0.092030
0.138093
1.283542
1.170704
0.823849
2.030978
0.992410
3.524547
4.880385
1.212749
2.632454
0.593122
4.707137
4.198213
0.156475
1.458965
1.269711
0.145944
0.249920
0.754368
7.694024
4.139960
0.445566
0.440522
1.702694
2.283091
5.226697
1.181935
0.020185
1.737274
4.314647
0.589727
0.480722
5.555826
0.412419
2.392930
0.332623
3.384464
0.428231
3.814240
0.043235
2.958524
2.470500
0.822185
0.666966
0.485650
1.473198
3.622187
1.566100
0.747345
1.319405
0.630705
1.902604
0.272311
0.047576
1.131556
0.168156
1.373315
1.518111
3.693504
1.330922
1.101969
4.108470
0.645484
2.065953
0.475559
0.195857
0.112959
3.535141
0.508926
0.349748
1.435897
0.473173
0.022739
0.200402
2.976064
1.589559
0.251218
3.193098
4.950729
1.300767
1.745899
0.641267
0.628824
0.252788
1.637881
2.307406
1.052409
1.099394
0.349286
1.753688
2.947052
0.410251
1.898703
0.095783
0.527094
0.972231
2.000269
1.768795
1.824444
0.502577
0.870716
1.194672
0.297551
2.995160
0.406765
3.046605
0.212853
0.222379
0.840992
0.067698
7.701776
0.960549
0.792002
3.420738
2.239885
3.539012
0.705152
0.868999
0.272476
1.830171
9.454295
1.810146
0.794954
1.465153
0.089599
1.997146
1.691625
1.697575
0.960549
0.743433
0.191742
2.405393
1.899840
3.920976
0.760816
0.343749
0.145540
0.151301
2.485787
2.642814
2.432256
2.153378
2.506090
1.583364
0.611795
1.614868
0.188935
0.515818
0.132883
0.726843
0.153328
1.647735
1.841847
0.358675
1.777454
0.185875
0.267160
2.740848
1.355242
2.296362
3.948731
1.476502
2.793262
1.483747
0.600686
0.937453
1.567921
3.550685
1.003718
2.681153
1.249149
0.924510
2.560605
0.245007
2.560101
1.622410
1.304039
0.039048
4.257254
0.649220
0.827978
0.970307
0.960635
1.484732
0.802595
1.994375
3.923478
2.515121
1.039629
1.919790
2.085680
0.892633
3.349046
2.248673
1.023784
1.670565
0.596593
2.113143
3.517367
2.423939
1.687671
0.114836
0.270775
1.001218
3.016894
2.375877
0.014998
0.455952
1.414001
0.667395
3.587261
2.797098
3.034096
0.066740
0.097052
0.048994
1.176410
2.069041
0.821156
1.120018
0.714189
0.340873
0.863209
1.177312
1.044122
0.313037
2.275559
1.189099
1.408605
2.954909
1.970347
4.258036
0.432561
2.290660
0.948181
0.127790
0.292758
2.067042
5.576413
0.861013
0.392485
6.962198
2.251340
0.430547
1.983000
3.196179
0.390880
1.160945
2.970415
1.802058
1.316760
2.324556
4.609077
1.269925
1.167610
0.261973
0.396832
0.291368
1.061113
1.344883
3.654279
0.555861
0.512271
1.363740
0.248190
3.343082
0.838188
0.218297
2.639619
1.139461
3.441024
0.728702
1.338836
0.370642
0.762337
2.144938
0.303424
0.439479
3.987426
0.042764
0.982948
0.007618
3.695654
2.832070
0.377397
1.308523
1.168807
1.401131
3.575300
0.038202
1.273558
2.959840
2.592228
0.160902
0.606025
0.445935
1.637063
0.542328
0.142315
0.448464
2.007233
0.223654
1.222542
1.116449
0.306453
0.563572
1.897243
0.520992
0.377573
3.377487
1.881916
1.368292
2.892547
0.078994
0.010151
1.701555
0.040458
0.927905
1.077923
0.797522
1.772074
6.496649
5.156714
0.206168
2.179573
1.827382
0.349170
1.488926
0.797678
3.255149
1.359995
2.267650
1.663194
0.040646
0.581272
1.023693
2.856153
1.070709
2.228921
0.984535
1.810758
0.008401
1.954765
1.254527
2.286871
0.320047
1.188391
5.035007
0.079235
3.500273
0.196222
0.585189
0.154952
0.499253
2.269935
3.273708
0.022693
0.082521
2.911240
1.533810
0.687457
0.976000
0.296045
2.056907
0.396236
0.200716
0.253330
0.243929
2.208228
0.023855
1.800993
1.692756
0.559977
0.445751
1.849210
0.949560
0.781406
2.082925
0.572262
0.184839
2.623743
0.109065
1.503198
0.544762
5.593469
0.164882
0.311459
0.644077
1.728119
1.213160
2.518798
0.856955
2.786499
3.286345
0.274673
3.885157
3.118796
2.669440
1.443907
1.252943
0.948095
0.006652
1.908801
4.496714
1.341520
2.331472
6.531862
0.092809
0.357280
0.027860
0.318858
0.444519
1.927051
1.352645
3.432877
1.169007
1.112695
1.407552
0.935743
0.881717
1.974439
0.127042
0.348939
0.712421
1.037891
3.332490
6.061650
2.420947
3.354606
0.016339
2.965449
0.056295
2.521254
1.449431
0.255174
0.144733
3.795153
0.350615
1.009360
0.563039
0.045451
0.443719
0.223920
0.394448
4.812060
1.284943
0.689848
0.859876
0.497274
3.880891
5.630127
2.592744
4.868583
5.587762
2.147235
0.079621
0.613448
0.398563
0.225781
1.293376
0.830524
9.852849
1.497224
0.115775
0.028793
5.420824
0.823532
1.414706
1.112119
1.349828
1.995933
0.817362
0.050840
1.770732
0.374515
1.387332
1.356938
1.312032
0.134684
1.418119
0.218932
0.241239
0.307914
2.856153
0.026974
0.076872
2.341905
0.446737
1.797044
1.479813
0.428414
0.294596
0.905303
1.367039
0.466973
0.790915
1.534956
0.236568
0.038860
1.982485
0.949215
1.007298
2.729226
2.357251
2.018970
1.122241
1.353209
1.596709
1.146916
1.595515
1.740776
3.567873
0.562839
0.635452
1.555991
1.439000
0.746743
1.313569
0.343519
0.024134
0.484954
2.111645
0.017219
0.419184
2.436896
0.127291
1.821512
7.512204
1.296524
0.311628
1.255690
0.781560
1.654755
3.611471
1.049457
0.091398
0.015275
3.875424
1.065484
0.733845
1.116545
0.529438
0.769431
0.724764
0.730266
1.194469
0.007204
3.891884
0.811454
0.589727
1.065111
1.251677
0.162585
0.470038
0.382823
0.216392
0.234052
0.315239
0.938993
7.568024
0.120430
0.185720
2.032042
0.521770
3.144274
0.621532
0.049041
0.107294
0.075957
0.032765
0.550301
1.095969
0.258434
0.998632
0.082811
0.572195
0.470539
2.155110
0.007710
0.536426
0.476691
1.017096
2.404256
0.681389
1.212441
2.327362
2.273682
3.964089
7.055213
0.212853
1.685276
2.398809
1.929369
3.779716
0.621324
2.270975
1.780751
1.956957
0.576424
3.299917
0.781406
3.832983
0.836029
1.003450
3.056758
1.640612
0.095441
0.346111
0.380107
4.706082
0.987538
6.373109
5.641892
2.215829
2.182905
0.141661
0.649926
3.471745
1.622140
0.829648
1.803885
1.330477
0.071438
0.019211
0.895790
1.206495
0.413987
5.110427
1.247991
1.037159
2.864783
2.455367
5.387228
1.804038
0.766452
0.902292
4.178790
2.061785
0.860607
2.175078
2.870667
0.112317
0.682903
4.276142
0.756944
0.574208
1.792500
1.516726
1.227099
0.271652
4.341704
0.224079
0.956126
1.826918
3.291266
0.932075
1.133212
4.227826
0.828296
1.688376
2.228517
1.164224
1.869767
0.583770
6.270902
0.754520
2.848490
0.507127
1.000950
0.181012
2.296785
3.981558
0.161718
0.026974
1.702694
2.850938
0.410853
2.110710
0.950163
0.187327
1.314119
0.170770
2.439687
0.547199
0.648303
0.152162
0.163146
0.319651
1.316539
5.589662
4.780692
0.885347
0.902292
0.351714
1.288289
0.267762
0.034310
0.029960
1.028774
1.325706
0.986831
1.432919
0.539440
2.863547
0.459243
1.669171
1.158069
0.174570
0.091446
0.289646
1.214085
3.019633
0.293927
0.376455
1.046879
3.173226
0.385662
2.842692
0.308532
0.931223
1.281497
1.105504
0.012226
1.152433
1.281174
0.608701
1.871360
0.473738
0.014767
1.205676
0.244737
1.640749
1.986610
1.269498
2.301025
3.509270
5.344648
3.169813
0.251489
2.731487
0.433967
0.227378
0.030895
0.855983
0.862477
5.380598
0.768208
1.141027
2.665916
1.092740
0.385662
2.114454
2.468837
0.785882
2.659164
3.865755
4.779584
0.351888
6.285948
2.454662
0.360362
4.247122
1.903581
1.209875
3.408253
2.195711
1.439598
1.689364
0.342598
0.914286
2.678421
3.083696
0.086104
1.710691
1.118860
1.347916
2.419798
2.348244
4.540466
1.603760
2.017213
0.194553
3.591770
2.215228
4.044011
0.854930
2.244579
0.546408
0.465724
1.374688
2.839042
0.237855
0.421547
0.162381
0.336914
0.004814
0.948009
0.937709
2.273057
5.693966
0.499827
0.310614
5.259898
2.184475
1.219855
0.520927
0.588303
0.599662
0.079091
0.123857
1.811830
0.673407
0.697626
0.249974
1.067721
0.840110
4.336748
0.692460
0.515883
0.149429
0.006974
2.018443
0.661763
3.354177
0.091106
3.835342
1.760779
0.990459
2.342996
0.728777
2.827239
2.721340
3.119529
2.603871
0.091836
2.391577
1.714276
4.418078
0.459865
2.872220
0.569249
0.347553
0.514076
0.970744
7.220567
1.275378
3.438303
3.001579
0.298892
4.517035
3.675885
0.833154
1.104835
0.600003
0.246139
2.969752
4.618002
0.441382
0.705372
0.301632
0.073263
1.924572
6.677681
1.042837
6.709428
0.138194
1.738149
4.657306
0.335769
0.122863
2.310393
1.332368
0.100034
1.077359
0.903797
1.193252
1.838412
2.472640
1.173004
0.858415
0.583905
3.222233
0.486219
0.246679
0.014813
1.167610
0.955780
0.139700
1.274522
3.845411
1.148982
0.010151
0.471354
0.228977
4.917572
0.856874
5.683811
1.662778
1.131556
4.591383
1.964061
1.345220
3.869977
0.302808
0.177762
0.542197
0.024692
2.792378
0.942507
2.113517
1.034420
1.891578
0.753839
2.766682
0.169180
2.769870
1.061763
0.018979
0.240486
2.647353
3.460208
1.900490
1.182942
1.311263
0.598570
2.222260
0.200820
0.586813
1.159655
0.389218
0.677069
0.375220
1.953754
2.966772
0.553144
1.037251
1.433395
2.904560
3.499801
0.644710
0.103757
2.288554
0.812555
1.043204
2.186440
0.951975
0.378928
2.325203
3.369677
2.875952
1.403346
1.214085
0.467410
0.770119
3.117698
0.441075
4.280902
0.366136
0.833473
0.108573
1.869608
0.745012
0.082956
3.593277
1.032141
1.962366
0.262518
1.453406
0.120629
0.803064
0.205590
2.184279
0.236408
1.926390
1.192339
2.427399
0.246840
0.715368
1.166115
8.614871
3.380535
1.528347
3.049049
4.803031
0.641477
1.815050
0.133933
0.134784
1.662916
1.172303
0.786346
2.378780
3.232072
2.110336
1.238240
3.227341
0.305387
1.062692
0.528396
2.829049
0.629520
0.322259
2.418650
1.099966
0.307914
3.191560
1.954259
2.842083
1.393114
0.245546
0.101993
0.328400
0.121323
0.807527
1.182137
4.588454
0.258814
0.572262
2.685809
2.930815
3.714052
0.508797
0.347669
2.754284
2.280995
3.240386
4.276934
1.978029
2.259989
5.553968
0.204278
1.820279
1.378355
0.703761
0.197631
2.074688
1.076515
0.042623
0.744410
0.149328
1.123015
0.610832
3.461588
2.686907
2.888774
1.802058
2.779767
1.643485
0.093296
3.686539
3.035135
0.112860
3.946186
0.922222
1.208440
2.173128
0.971269
0.565774
0.629659
2.144938
0.181012
0.721280
1.598435
3.848981
0.729521
0.173234
0.749607
0.568646
0.524495
0.779942
1.246414
0.345650
1.626195
0.891720
0.411275
0.111282
0.981538
0.955087
1.243370
0.884769
2.130281
0.206956
0.050224
4.437354
2.396998
1.140440
2.210225
0.639303
0.730340
1.185362
0.008401
7.319632
3.033404
0.881305
0.977492
0.943794
1.271954
1.091697
0.000778
2.395189
1.190718
1.925233
3.043468
0.109212
0.153075
5.792950
0.699012
2.376770
0.084795
0.303984
0.158356
2.948359
0.537408
1.248412
0.463353
0.825594
0.925358
0.900455
2.255452
1.312141
0.466723
0.080587
0.464475
0.280567
1.236569
0.644640
2.329956
1.072486
0.720170
1.742238
0.841073
1.017907
0.204960
0.259630
1.095779
2.371644
0.459803
0.723799
1.714276
1.396478
1.106078
2.123666
0.873745
1.779251
0.126693
2.381465
1.364308
0.252788
1.781652
1.486334
0.133383
1.750891
0.383709
0.477257
1.212338
2.121782
1.232191
2.090468
0.691444
0.896622
0.712274
1.691766
0.446182
0.810589
1.994895
0.670971
0.583230
1.820125
4.168435
0.131883
1.540571
2.616391
1.649934
1.307975
0.277865
4.625981
2.694337
0.675416
0.247866
1.098442
0.199722
4.386208
2.401530
0.155662
1.843723
1.435301
0.748778
4.029160
0.112959
2.241516
1.374802
3.429720
0.951975
1.073234
0.255066
0.550103
3.714597
0.880728
1.718588
0.622363
0.407005
0.970657
2.615082
1.018630
0.195075
1.086777
0.920446
2.972739
1.533047
2.246420
0.242529
1.412826
0.364209
2.105484
1.436851
0.939592
1.049826
0.924425
0.764012
1.353887
0.245492
0.019861
0.905386
1.751480
3.588262
0.308926
3.336295
1.432206
0.088773
7.655854
1.351405
0.944052
1.474788
3.818904
3.371409
0.687023
0.670756
3.241578
0.123907
2.955565
3.842443
1.089046
3.461588
0.413806
0.489007
3.081909
2.674060
1.624166
2.067405
0.246355
0.499955
0.675919
1.765376
1.119053
1.023875
3.095185
0.512787
1.641432
0.584716
1.083663
0.746894
0.098664
1.562593
0.103169
3.594784
2.082741
1.402180
3.908527
1.811064
0.997386
0.751722
1.414001
0.895208
0.045829
2.506820
4.325248
0.942593
1.325706
0.603627
2.249083
3.780854
0.007986
2.849714
1.277737
0.856145
2.781813
3.239196
1.914532
1.204654
3.188489
0.771726
3.398957
8.329531
0.289424
0.038531
0.618003
0.405925
0.457255
2.533843
0.681244
0.546276
1.309947
0.669539
7.106588
0.603079
1.990919
0.725432
5.249254
2.260609
1.599499
1.355920
0.193407
2.750555
0.546804
9.479505
0.496254
4.991000
5.032382
0.708745
1.918803
5.797310
1.983687
0.291479
0.694859
2.332989
0.579251
1.056477
1.803124
0.164933
1.945191
0.933780
1.370116
0.295487
3.582764
1.124371
0.160494
0.034216
0.023902
0.350557
0.508990
0.085571
0.543577
1.790687
0.376808
1.688517
0.545223
1.902767
0.455580
1.840753
0.664897
0.574006
1.312581
0.329426
0.147660
2.315528
0.465411
1.145147
4.755408
0.920361
2.335376
0.640916
0.714926
1.338836
0.454154
0.281505
1.640475
0.062248
0.448032
0.583905
0.386964
5.481491
1.323492
6.095892
0.383591
0.545157
2.631924
4.104933
0.381287
0.154393
0.010566
4.088071
4.782911
1.574707
0.395401
0.292091
2.413608
0.940449
1.498964
2.734034
0.025623
2.836310
0.933098
0.242476
0.832994
0.598092
1.828311
5.546561
1.111543
1.522905
8.931835
0.700544
1.768944
0.928670
0.476314
0.140907
1.314119
1.708688
3.473135
0.959246
0.441321
0.566975
1.956113
2.152224
0.283384
3.571830
2.512430
0.397011
1.615675
1.173104
0.396832
0.249595
3.370543
0.402389
2.386400
0.051740
0.064588
3.532245
11.345992
0.205538
1.462238
1.576539
0.114786
1.621196
1.820741
1.183043
0.955433
2.071953
0.014166
1.698427
1.487938
0.993208
1.214085
1.544154
0.662617
0.239841
3.084054
0.371345
1.757082
0.033326
0.892384
0.865408
1.209772
2.225688
0.913528
2.200666
0.128687
3.066980
0.694350
1.529108
4.128433
0.015368
1.270459
0.006468
0.925273
0.022507
1.098347
0.324587
0.042340
0.291535
1.387216
2.062147
0.801110
1.074358
0.435863
0.893795
1.170205
3.376617
0.768667
0.551491
0.887578
1.187381
3.640738
1.656825
2.408127
2.717973
0.056628
0.329540
2.688830
3.081909
1.111446
4.349169
0.035106
2.806285
0.885594
0.370056
0.645344
1.410011
0.694132
0.954828
1.056199
0.852827
4.092269
4.006493
3.142785
0.865571
0.878342
0.323053
1.575885
1.570136
1.266620
1.006313
3.229705
0.248676
2.159160
2.772192
3.336295
0.591220
0.871370
2.932107
2.279320
1.352871
1.306225
0.600686
1.002914
1.824135
2.357031
0.782562
0.248082
4.885132
0.909829
1.133992
0.308645
0.826944
0.062916
3.007007
2.941186
1.020798
0.321918
0.847824
2.201460
3.460208
1.617019
1.674474
0.033514
1.128833
1.730584
1.630397
0.960462
0.103120
4.195959
1.738732
3.123931
4.164754
1.352871
0.755201
0.483500
1.024509
1.470024
0.481605
1.034694
4.037918
4.192959
1.463573
0.108966
3.379664
0.841073
2.276394
0.817204
0.429571
1.151545
2.500503
1.830791
6.101230
0.812948
0.675632
0.158509
1.846856
0.595230
3.907288
3.490859
1.955102
0.478705
0.349574
0.502705
0.237426
1.301748
2.719095
0.079911
5.559548
0.833872
0.197892
0.403227
1.945023
4.765251
0.145187
3.146883
0.865897
0.115973
1.043479
2.724152
1.452682
0.964375
0.115182
5.910657
0.115083
0.098713
1.602960
1.287641
0.104199
0.560776
1.110007
0.450317
2.614820
1.587315
1.178316
0.758082
2.473354
1.120501
0.876288
0.334853
2.047556
0.242691
2.822424
0.847824
3.352037
1.440554
0.705518
0.070334
1.010078
0.819021
0.881634
1.404747
3.027192
5.832658
0.085910
2.743127
0.324530
0.496764
0.422153
0.202601
0.592850
0.384656
0.862477
0.626111
1.875350
2.119711
0.790450
2.551297
2.878445
0.737134
0.149935
2.592744
0.422699
0.361468
4.097181
0.698720
0.586948
6.729617
0.004493
1.978885
0.597070
0.719726
1.458481
0.890228
1.346904
7.237581
1.736837
0.417732
0.353509
0.388328
0.801423
1.557671
1.198840
1.482517
2.062328
1.638018
1.355355
1.972392
0.179309
0.697845
1.224715
0.142819
2.212024
2.020906
2.173128
1.070522
0.943966
1.238763
0.441997
0.182408
1.375718
2.519288
0.119141
0.616552
1.526447
0.514721
2.042903
0.818389
6.597407
3.084054
2.647620
1.119825
0.062821
0.429937
0.237909
0.065735
1.467586
0.935829
1.081402
0.322713
1.215835
0.164678
1.167909
1.123693
1.166613
1.017907
0.853636
0.755201
0.191222
1.933516
0.465786
0.007618
3.253947
3.217533
1.808922
0.224292
1.774761
0.513044
1.418708
0.231165
0.122068
0.201082
1.388255
0.468286
1.370687
0.469350
3.028570
5.083054
0.608633
1.776705
0.665753
0.387201
0.399160
0.484195
2.170401
1.229903
1.256324
0.620701
0.384951
1.792500
0.265247
2.425091
0.498231
1.531013
1.669728
0.439724
0.017126
0.167695
1.301094
2.547790
2.662131
0.008032
0.275663
0.193876
4.003188
0.023948
0.250947
0.443534
2.470500
2.965780
0.401013
0.040975
2.962477
0.733621
0.405805
0.690356
1.150855
0.028093
0.172515
0.443411
4.846413
1.861827
0.916730
4.620989
1.264491
5.083054
2.987760
4.791820
1.630126
0.038766
1.727106
0.933098
0.713747
2.599462
1.236151
1.786464
0.076728
2.407443
0.683770
5.970713
0.782331
0.263609
2.272016
2.886890
1.367152
1.774612
0.429267
0.129835
1.051855
1.825371
1.089141
4.217128
0.531133
0.336628
0.929946
1.238031
2.014229
3.478710
0.929095
2.069768
0.248028
0.252138
6.344537
0.057104
1.294569
0.718247
1.604027
0.779711
0.069039
0.186186
1.006313
0.853070
0.889151
0.464288
1.090845
0.504370
6.705423
1.528474
1.185463
0.615931
1.634339
0.726100
0.401671
2.456309
2.050248
0.767673
0.386076
0.379223
2.052224
0.603695
1.229695
0.144280
2.589396
0.370232
0.091008
1.257806
0.149328
0.842517
4.378557
1.111254
2.782398
4.128433
0.691807
2.580675
0.087316
1.186371
0.133133
0.244252
0.526899
0.302584
0.000229
0.467535
0.651126
2.379004
2.441784
6.448700
1.577063
0.017450
0.756868
2.113330
3.279810
0.174005
0.632588
0.292592
2.916990
0.795576
0.111775
0.537080
4.170648
1.768795
0.022414
0.065496
0.366369
1.775509
0.895042
1.264810
1.830481
0.625208
0.370232
8.215840
1.483747
2.097865
0.117012
0.396415
0.433416
1.550190
2.896015
0.611658
0.349228
0.343346
0.349806
0.324360
2.476214
0.091592
0.152264
3.643332
0.505652
0.756868
2.310607
1.819971
0.927480
2.936640
1.173504
1.687812
2.268065
0.523586
2.162252
0.589388
0.346745
4.699766
2.055825
0.139098
4.106347
0.426162
2.651637
2.452547
0.729670
1.394042
0.183442
0.822027
0.906056
1.447988
1.021792
2.374316
1.017998
5.375645
0.319028
3.815987
6.064257
0.543972
1.217277
0.917405
0.672332
1.329255
0.540818
2.863238
7.020270
0.178948
4.226293
4.517965
1.904233
1.660422
1.331923
0.800642
0.018609
0.048048
3.697807
2.270767
0.198258
0.581812
0.776866
1.155990
0.468474
0.677213
1.707973
0.044791
0.474805
1.408488
0.154343
1.199146
1.628769
1.996453
0.603216
0.947148
1.704547
1.060741
0.264865
1.914040
0.248730
6.865687
0.338979
1.132822
2.047019
1.935178
2.149919
1.684853
1.032961
4.227826
1.294244
0.278306
0.296603
0.779249
1.516475
1.755015
0.708892
0.021160
2.302724
1.341185
2.552050
1.799777
0.710656
2.970747
3.260773
2.141690
1.593262
2.913473
2.406759
0.358966
0.126494
0.245061
0.796588
0.407246
0.682687
0.679443
0.206063
0.614206
0.702883
0.523781
3.102773
0.486916
1.609371
0.343116
1.406266
0.861907
2.558588
1.397756
0.638391
1.439239
0.820998
0.742381
0.241615
4.208776
1.738878
1.524801
0.089890
3.699963
1.626466
4.961947
0.895458
0.473298
0.181839
1.952744
2.130092
1.518489
2.751702
5.453452
0.092322
1.735235
1.488432
0.803768
0.940963
2.526178
1.330922
0.612484
2.498323
5.103537
0.080491
1.980598
1.337830
1.739462
2.394059
1.221405
1.475155
9.381109
2.233175
0.716254
0.832356
0.348419
0.131683
0.641267
1.818739
0.361585
0.791226
2.128388
0.038625
0.856469
1.490780
0.153379
0.111282
3.874818
2.602833
3.382280
0.881634
2.361444
0.755883
0.392842
1.135260
1.077453
1.141713
0.401551
0.675919
0.345304
1.869767
0.868182
4.620989
1.069681
0.995607
0.547924
0.126594
0.178123
0.421122
2.327578
5.463905
1.185362
0.353799
0.461982
3.323231
0.647527
0.604723
1.769987
0.062057
0.284380
0.640495
0.566441
2.592486
3.831804
1.814283
2.253601
2.905830
1.235734
1.194469
8.050155
2.165158
1.477360
1.236360
1.392072
0.300625
0.123757
2.113892
0.658564
4.778476
1.277415
0.095734
0.494662
0.034825
2.010902
2.849408
7.254789
3.130558
1.264172
0.221371
4.139237
0.310839
1.097300
1.733198
5.289175
0.916308
0.719874
1.911091
0.128986
0.367656
1.262472
0.990371
1.438403
2.001138
3.057461
0.605408
2.736586
1.810758
0.490720
1.440315
0.306341
2.730921
0.006055
0.071678
0.064158
4.590406
0.392901
2.142071
0.767750
0.635941
2.060699
2.667270
0.381169
0.118051
0.030708
0.802282
3.177027
0.076102
2.545040
0.451925
0.953444
0.742682
4.838326
2.506820
0.817125
0.105279
0.588845
1.398221
0.236944
0.427805
1.579554
0.324189
0.279298
0.627919
0.505011
0.544696
1.055736
0.356235
0.847502
0.932075
1.668196
1.065298
0.009598
2.355269
0.279188
1.427930
1.821666
0.347092
2.250929
0.233517
0.634473
1.926720
0.995518
1.022245
0.206010
0.166723
0.883366
0.736610
2.840258
1.229903
2.081090
3.500273
1.835920
1.834675
0.779480
4.147937
2.198682
1.146326
0.588032
1.332145
1.907331
1.283758
1.820279
0.809803
4.236286
7.319632
1.396362
0.083053
1.239181
2.635899
0.185461
0.208218
1.199247
0.167081
3.295379
7.055213
0.857117
0.040599
0.897871
0.282666
2.211224
4.872114
0.147054
0.140153
3.841257
0.933950
1.826763
4.064503
0.477887
0.043848
0.694714
0.370993
0.871697
2.473116
0.180961
5.159566
1.415999
9.727777
1.314779
7.020270
1.235838
0.219409
0.109212
0.407666
1.000682
8.414574
1.631348
1.743848
0.357164
0.609938
3.668473
2.003573
3.244362
0.287038
2.714614
1.279992
2.077063
3.102773
1.368634
0.996140
0.133033
1.683446
1.992301
1.306006
3.615544
5.036321
0.412058
3.463890
1.188594
5.266014
0.702664
0.678220
1.501952
0.133683
1.132920
1.181835
1.691483
1.298807
0.011119
1.982828
2.126687
3.164142
0.045498
0.423002
0.912771
0.253276
2.935019
0.948095
1.386408
0.859064
0.620909
1.338501
4.899463
4.540466
1.945526
1.031413
0.796588
4.369259
0.222592
2.408355
2.069586
1.622680
0.939935
0.913023
1.696581
1.918474
0.168258
5.307964
0.174108
1.497349
0.625000
1.463452
0.625903
1.395550
1.882077
1.823363
0.366253
0.911173
0.449390
0.387320
3.048700
2.044154
3.382717
0.141712
0.207324
4.076934
3.103135
0.213328
0.332508
2.027259
1.304804
0.143121
1.717725
0.813263
1.252838
3.366219
1.249675
0.308139
0.203806
0.490022
0.424946
1.112407
0.536229
0.323451
0.333194
1.209567
1.380996
4.813192
0.691444
0.369177
0.655514
1.573530
3.473599
0.995518
4.659349
1.663194
0.494153
0.512787
3.843036
8.673131
1.015924
0.862395
0.096564
0.072638
0.500914
0.304657
1.383527
1.567661
0.217873
1.864204
1.534701
0.117804
0.024227
0.373516
2.038086
1.481410
1.157079
2.898225
0.065831
1.842785
1.317641
0.301576
1.709546
3.147629
0.035106
0.869653
3.909768
2.939561
1.299460
0.492054
2.746837
4.310590
0.986124
0.360187
2.367201
2.292136
4.815460
1.015473
1.906515
0.050698
0.324133
1.478341
0.798925
2.510721
2.528647
0.493199
2.038264
0.893795
1.135845
2.002007
0.173851
0.990459
0.002657
1.703976
7.170655
0.757551
1.120308
0.991434
4.072779
0.045829
1.605361
2.138068
2.481950
0.278361
0.594414
0.630077
1.832499
0.445689
1.311373
0.955866
0.495554
1.839504
1.097490
0.653885
3.975064
2.299752
1.066322
2.896646
1.353435
1.122822
0.584581
1.095969
1.341073
1.655583
0.390167
1.507819
0.455828
0.056628
1.667362
1.317310
2.593260
0.765155
1.427100
0.294540
0.397966
0.363625
0.253981
0.321124
0.887082
0.475685
1.027593
2.791200
3.070167
1.664026
2.883444
0.782639
0.750438
0.207219
0.850889
1.760483
2.486507
0.115874
0.037686
1.427574
8.377535
1.000593
0.630914
1.254950
1.725658
5.392219
1.740922
2.450669
0.253601
0.042387
0.028373
1.295763
1.987815
5.060173
0.099251
0.379223
0.729298
0.962026
1.070989
3.938578
0.512658
0.470915
3.653233
0.754974
1.955102
2.651101
0.742982
0.203754
0.190754
1.563891
1.899028
1.135260
1.205779
0.010105
3.314863
1.338501
1.648972
1.911254
2.214026
0.536295
0.362867
2.563637
3.607916
1.361809
0.249109
1.570658
0.186860
6.826153
1.403813
0.650844
3.546297
1.493875
1.223059
0.322713
0.710803
0.035012
1.283542
1.860560
1.592468
0.153277
0.964549
0.237534
0.902209
3.066626
0.345131
0.226153
3.235630
0.794643
2.766103
0.228870
0.144683
0.582082
0.001924
1.103305
2.365649
0.932586
1.193353
2.722745
0.643866
0.224558
3.789417
0.414289
0.847583
0.916393
3.679073
0.967949
3.450585
0.134734
0.521316
0.878260
4.999956
0.205853
0.065544
2.532852
0.421547
0.596388
1.453285
1.541594
2.479797
0.601233
0.087559
0.872025
2.296362
0.356235
0.400235
1.935012
1.553926
0.002291
0.333423
0.885842
2.155495
0.802048
2.806285
0.575820
0.545618
1.053609
2.543792
1.015744
0.157034
0.964810
4.942063
1.164821
1.135650
0.625833
0.357919
0.414470
0.131733
1.767605
0.299003
0.179412
1.431492
0.414590
0.713820
0.274123
4.518896
0.784183
0.650561
3.017236
3.593277
1.491151
1.380996
1.991610
0.597615
1.576801
1.485718
1.395898
0.357513
0.936000
4.267456
4.961947
1.248201
0.284325
0.718765
0.665682
0.049656
0.897954
1.333927
0.661122
3.886378
2.802129
6.709428
7.865874
1.931524
1.504071
0.147408
0.358036
1.647186
0.869407
1.074077
0.380933
1.032505
0.668824
0.956819
0.550763
6.631285
2.254012
0.391058
5.115962
0.552416
1.454492
0.307015
4.620989
2.882818
0.448773
0.097980
0.156831
1.436732
2.169235
9.311329
0.857523
1.768944
2.168846
3.004969
1.283542
0.038625
1.325817
1.837010
2.513653
5.383909
4.085977
1.331033
3.820072
2.361223
2.385277
2.038620
0.174982
1.571963
2.557832
0.598706
0.177247
0.366486
2.876263
1.619578
3.082266
1.015293
3.511647
0.422820
2.470262
3.425672
0.307689
0.989131
0.153480
0.492181
1.097585
0.646400
6.223747
3.144274
2.259163
4.212567
1.192441
3.167920
1.409074
0.292425
3.885157
1.553023
0.222857
1.263853
0.854121
0.316877
3.309033
0.593122
1.342977
0.046678
1.505195
1.807089
0.948267
5.485033
0.701786
3.202747
0.695441
4.934673
0.351888
0.547990
0.544893
1.193759
0.477824
1.816433
0.328628
0.168053
0.971006
1.999922
0.629102
0.682543
0.485333
1.341744
0.068320
0.700106
0.294596
0.583500
3.678541
0.917827
0.340184
0.623057
2.440619
0.558715
0.042575
2.911240
2.744838
2.168651
0.041587
1.550447
1.108568
0.678076
3.886989
4.456881
0.678436
0.601848
0.500402
3.429720
0.046726
0.011719
1.180829
0.445812
0.931819
0.717361
2.769580
2.975398
4.084582
2.170985
0.542197
1.346005
1.125146
0.464413
0.095832
0.345419
6.553394
0.137893
1.789630
3.440116
0.827819
0.524235
0.573402
3.874818
2.726123
0.197057
0.025251
0.176526
3.888211
0.828614
3.496971
1.511827
0.239949
0.638952
0.869734
3.199267
1.100729
2.743127
0.548518
2.029737
0.145086
0.120282
1.019894
0.314109
1.364990
0.766528
3.003612
0.979074
0.385780
2.948685
3.356749
2.549542
0.007802
5.109046
2.350655
2.679786
1.998013
1.975122
2.147426
1.864363
6.059048
1.370231
1.284728
0.593530
0.083149
0.661122
0.358152
0.349690
0.949473
1.486704
2.153955
1.796589
2.945747
0.053494
0.583635
0.226420
2.334290
1.419769
0.164984
0.856712
0.894876
1.355468
0.938565
2.561615
1.853929
0.243714
0.139298
0.329312
0.984888
0.243929
0.044272
3.277773
3.098071
1.340737
2.749410
0.170103
0.155104
2.011077
1.059071
0.082569
1.406733
1.384910
0.758765
3.794004
0.822581
2.683342
4.754318
1.769689
0.178174
1.463695
0.681317
0.102189
0.833154
1.958139
2.879381
0.600755
0.011073
0.303088
4.319530
1.252205
0.298892
2.458664
0.503793
8.099993
0.490784
0.168565
0.599594
2.646016
0.963417
1.632707
1.231567
0.908487
1.304367
1.316209
1.015653
0.567644
2.479557
0.214648
0.264810
0.561441
3.779716
0.198363
0.594346
0.130334
2.220248
0.274288
0.146146
8.414574
1.873114
0.700690
0.306341
0.345246
2.304850
1.361129
1.330366
1.413296
0.382350
2.569464
2.204840
0.096173
0.368533
2.208428
0.344325
1.639110
0.698064
0.680668
0.821394
1.064460
3.334603
0.105770
0.511756
1.723635
3.589764
2.225083
2.163607
3.745969
4.397329
0.499380
2.509501
1.717293
6.276902
8.614871
1.980427
0.159476
0.139298
3.282665
1.335487
1.118184
0.125100
0.703322
6.002919
0.153632
0.354727
0.276819
3.027536
0.258434
0.561042
1.831567
1.594852
2.787967
0.737134
0.406525
0.510855
1.848268
0.192054
0.332165
1.169506
1.900815
0.434578
3.782563
0.400235
0.949387
0.587152
0.532046
1.388949
4.676833
1.966946
1.085077
1.149967
2.101763
1.220165
0.722465
3.159620
4.296876
0.291424
0.853555
1.249886
1.479445
0.115775
0.610488
2.099163
0.731831
2.932107
1.859137
1.822746
1.069401
4.185485
8.586568
1.456425
0.653743
2.686084
0.736237
0.287870
1.616078
1.287317
1.016825
3.556556
0.321351
0.320784
2.277438
0.462792
1.120018
1.864204
0.828296
0.945255
0.592374
1.727395
1.421776
3.661622
6.025628
1.691342
4.510539
0.701202
3.717323
1.837633
0.038014
1.661114
0.838108
0.145137
1.978885
0.088967
0.788823
1.716574
0.946115
0.066692
2.228921
3.998574
2.142071
2.787967
4.601187
2.419339
0.919262
0.359257
0.519114
4.335100
0.077065
2.850632
1.772521
0.233891
0.369763
0.185875
0.652399
0.977404
0.373575
0.461608
4.097884
0.296993
0.311853
3.744857
0.034029
1.587711
4.228593
9.789010
0.317782
1.493627
0.787042
2.791495
1.199553
3.788273
0.438559
1.872157
0.154343
1.934513
2.324341
0.778942
1.919297
11.436928
2.256482
0.377338
0.351193
2.520271
0.402269
5.643862
0.137441
0.310389
2.268273
0.474554
1.626737
0.693114
1.680777
2.213825
0.110444
0.056248
0.195961
1.738003
1.927382
0.663685
3.920976
0.288536
4.427685
0.820761
0.144784
3.507846
0.343346
5.712422
0.978107
0.931308
1.812749
5.001239
0.149176
3.084054
2.117456
2.349120
0.182511
3.282257
2.101948
2.838131
0.396236
0.599798
0.054158
0.358849
0.836908
0.241507
1.267898
0.004631
2.082191
0.913107
2.073776
0.726249
0.352814
0.384715
0.229457
1.596975
0.679731
3.453786
1.271420
0.810353
1.861035
1.374459
0.617312
0.472859
0.914286
0.301296
4.173604
0.030147
2.251751
2.729508
0.221159
2.927910
0.245815
0.955347
1.869448
1.000950
2.967765
1.234795
2.001833
1.596975
0.460861
2.006535
1.962875
0.115775
3.641775
2.292136
1.126601
0.307689
0.205380
0.493135
0.363100
2.045586
0.209217
1.474543
4.644090
1.769987
0.508540
1.485471
0.117507
0.507063
1.421539
0.788126
0.416160
4.473049
0.122366
2.575569
0.106605
2.533100
2.926299
0.180548
0.005733
0.869653
0.114638
0.083440
2.805988
1.523157
0.256368
0.380638
1.912565
3.793430
0.788590
1.886901
3.060979
1.049457
2.877509
4.274559
0.153582
0.646752
5.978084
2.283300
0.349343
0.377515
0.976351
2.242332
0.519438
0.340414
1.114234
1.359881
0.331880
1.637608
2.180748
1.054904
0.037826
0.240916
1.215629
0.034122
8.600653
0.203230
1.158565
1.106940
1.204450
0.176989
0.338520
5.369066
6.990953
0.129336
0.936512
1.180326
1.124274
1.834364
3.455618
0.546935
0.147913
0.537866
1.816740
1.847954
1.966606
0.065496
5.165285
0.175445
3.702122
0.633635
0.781868
0.043423
1.671262
3.694579
0.086734
0.654239
2.414752
0.862802
0.184943
0.416644
0.115083
0.655372
0.955174
3.584262
2.073958
1.880793
0.026322
0.035294
0.384833
1.249570
0.703614
4.731615
0.355597
2.761768
0.123907
1.263959
0.365960
0.403227
2.925655
2.199673
2.084945
0.014813
0.101405
1.267259
0.053636
0.368241
3.329117
2.860462
1.346904
0.556192
0.819416
1.184152
1.219339
1.328367
0.240647
0.973194
0.056628
0.966902
0.052451
1.234900
0.750966
0.123907
1.825681
1.332145
2.111458
0.006836
3.108943
0.569516
1.493007
3.353749
1.413296
0.112959
4.692431
1.609505
1.040911
1.415529
0.827898
3.166407
0.634054
0.803377
0.842437
0.595503
0.901040
0.308082
1.006402
0.149631
0.217132
1.940510
0.936940
0.500850
1.058607
4.102815
0.893629
2.029914
0.255988
0.233624
1.538143
2.387749
2.571750
1.034785
0.109803
0.951457
1.415764
1.426626
1.041553
0.210112
4.137792
0.380048
0.685865
0.099545
1.658622
0.053494
0.134234
3.759938
1.688094
1.067814
1.296198
1.048444
0.536164
2.369421
0.670398
3.519756
3.349900
1.089898
0.043706
0.741105
5.279867
1.632299
1.048259
0.103169
0.189351
0.453534
2.887832
2.166709
0.361061
0.125001
0.112663
0.180083
0.105868
0.120381
1.414118
0.499508
0.134434
2.400849
0.082037
0.654168
0.044130
0.918418
2.093977
2.283930
0.992853
3.716232
2.219443
4.310590
0.196065
0.471166
6.856811
0.344958
0.646822
0.488563
1.766415
1.062878
0.871616
0.627293
1.091792
3.763873
2.034527
0.436230
0.122515
0.216498
0.089307
0.848872
0.191950
0.739381
2.305276
3.227341
1.178617
2.065046
3.734334
1.253365
0.253547
0.423670
1.018720
0.816968
0.942421
2.870978
1.346679
2.096568
0.782948
1.875190
0.955433
0.362984
0.492563
1.604827
3.899259
0.113058
2.521991
0.815705
1.004344
0.008539
1.551606
1.256536
1.155595
0.233570
0.125548
1.297937
3.898643
1.247360
1.007029
0.092274
0.360246
4.963198
0.247164
1.209157
0.163197
1.948879
3.950005
3.904195
0.277479
0.188987
1.277522
2.291503
0.969783
2.370754
0.086977
3.379664
0.300848
0.714631
1.899028
0.151909
1.864046
0.553078
1.432681
1.484732
1.399501
1.627956
3.367947
0.750664
1.513961
0.349863
1.154210
0.144985
0.453411
0.696606
0.588168
1.834519
0.091884
0.654097
0.672045
0.539833
0.309095
0.178226
0.003254
1.476992
0.973545
0.841554
1.132140
0.885760
0.504690
2.272849
0.821394
0.196587
1.539420
0.377927
1.209977
0.712053
2.704858
0.043942
0.303760
1.896757
0.016571
0.481416
0.085425
1.013673
3.064859
0.169232
0.964810
0.074177
0.117903
3.570345
1.747219
4.968215
0.891471
0.114292
0.828534
2.416585
1.217483
1.484239
3.941744
0.712568
2.293825
0.739905
0.613448
0.024646
0.971794
3.526468
2.031332
1.909455
0.453411
3.189256
2.330605
2.264540
0.187067
0.575349
0.211587
2.061604
0.583162
0.123310
1.460298
0.472859
2.693234
0.145389
1.198433
1.996973
0.385484
4.117705
2.340815
0.343691
2.146660
7.249031
0.327432
1.387216
1.751333
3.665307
0.140856
1.523536
0.725952
1.390104
0.298668
0.772339
0.741631
0.891140
2.198880
0.243768
6.665947
6.685555
1.268431
0.321862
0.680812
2.354389
0.010427
0.778865
6.366713
1.829706
0.551689
0.511241
0.457442
0.384892
0.467098
0.131083
0.176474
0.364734
11.868452
3.146510
0.997208
1.583759
1.138874
0.320331
1.032779
1.638291
1.334372
0.025344
0.331423
1.212852
0.774025
2.057267
1.477850
0.039376
3.409586
0.010704
0.365201
0.630008
0.135285
2.648155
0.244737
1.511325
0.060531
0.218985
2.181532
0.102189
0.420819
0.037545
1.348703
0.138947
1.919790
2.407899
0.201030
1.041461
1.963214
0.388565
3.847790
1.110486
0.781329
9.531235
0.207902
1.444266
0.311121
2.635103
0.005825
0.465536
0.653955
0.353973
1.238658
0.825674
1.154013
0.456634
3.738202
3.026503
1.175207
1.508069
0.806586
0.277700
0.594890
4.799659
0.266941
1.017366
0.938993
2.508525
0.044036
4.393898
5.217769
1.523916
1.980427
1.860719
2.327146
1.475278
0.152213
1.576408
2.724152
8.531516
0.093004
1.534701
3.476385
1.651172
1.224508
0.573805
0.438497
2.203845
2.778891
0.978019
0.612071
6.253045
0.665824
2.787673
0.625069
0.265848
2.051865
0.776866
0.078078
0.340759
0.134184
0.111873
2.106602
1.607498
5.208893
2.870047
1.416235
0.034638
0.983829
0.444396
0.508476
0.336570
1.828001
0.280015
0.376043
0.137190
2.635368
3.535625
0.647809
2.135594
0.908738
1.542874
1.575623
0.395640
0.353683
7.498568
0.597342
0.437823
0.398682
3.363199
0.027347
0.162840
1.589691
1.204450
2.485306
3.025471
1.539165
1.647323
0.950422
0.253059
0.214648
1.512454
1.761075
1.971029
2.524946
5.419126
1.874072
0.034544
0.932671
1.609371
0.263445
6.028172
0.423124
1.462359
0.876534
0.460674
0.085474
0.178690
1.207825
0.323678
1.007746
0.200088
1.474666
0.996763
1.230007
1.601894
0.117952
0.315408
1.964909
5.042909
1.692049
2.689655
0.699157
1.299134
0.815311
0.376396
0.404186
0.450503
1.022245
3.056407
0.039564
1.541338
0.404066
1.145049
1.713989
2.264954
0.728330
2.526918
0.891223
0.515560
1.026232
0.517110
0.631541
0.658138
2.859538
0.278030
0.157187
0.427013
1.879992
3.352037
0.302528
1.595515
0.459617
1.866268
6.458847
0.968211
0.098176
1.580341
2.308899
0.609526
0.768361
3.038948
1.186068
1.093499
0.637271
2.885950
0.320557
1.245994
3.036174
0.918502
0.791381
0.357861
2.905830
0.326976
1.360221
4.121273
0.743132
2.538063
0.057579
2.292981
0.167030
1.330255
3.711333
1.990919
6.098559
0.509183
0.395580
0.543577
0.849275
0.626528
0.423306
1.354790
6.754207
0.161208
1.110774
1.158565
0.981097
1.937842
0.299786
1.116352
0.003575
1.429473
0.849436
0.250136
1.207621
3.464812
0.022972
0.561441
1.611916
4.012459
1.401714
0.563306
2.814034
0.391415
2.531366
0.532308
0.540621
3.502162
2.691581
1.526320
1.212235
4.755408
0.693623
1.144558
1.140538
1.035059
3.856746
1.201081
2.803612
0.481164
0.025763
0.538063
1.439478
1.189200
0.966291
6.376318
1.931690
2.043260
0.618072
0.034778
2.330822
2.995497
1.070242
0.986036
2.114829
0.185772
1.990401
1.145049
0.795109
2.038798
6.458847
1.561555
1.691342
1.071924
3.178931
2.002007
0.037216
2.649493
0.304994
8.985733
3.056055
5.359251
0.059245
1.483132
0.450194
0.679011
5.074938
0.285432
1.939509
0.783257
0.471166
1.808769
1.503447
2.479318
3.731027
1.123984
3.042076
3.321134
1.033143
1.916337
0.365610
2.718814
0.652752
0.142617
0.458622
0.651904
0.938479
3.219881
0.291424
1.849838
0.352640
3.654279
0.329141
1.499462
1.209875
0.606093
0.326578
0.023204
2.436664
2.234596
0.212747
3.687608
0.996318
0.111183
2.158580
2.419109
0.943880
0.495745
0.867366
1.160250
3.394990
0.403167
0.630008
0.087802
0.099838
0.589659
0.000687
0.298892
2.303574
2.055825
0.814996
1.359428
0.702225
3.878459
1.766118
0.798068
2.728379
0.615034
0.794487
0.526249
0.650138
0.874319
2.008281
1.515091
1.484239
4.673733
0.946545
1.916666
0.469350
0.278967
4.255691
0.741105
1.756196
1.183043
0.218985
0.191690
1.917323
0.532699
2.342996
0.054870
0.942335
0.320727
3.475920
2.366757
1.099490
0.444334
0.861989
2.534339
0.219515
1.597240
1.411535
2.788554
0.888323
0.818547
1.214085
0.500211
0.557586
0.465973
2.121405
0.524170
3.435135
0.356293
0.104592
0.188572
1.407084
0.359606
1.610442
1.324267
0.749230
1.214908
2.108468
0.541015
0.169436
0.303480
1.014033
0.890394
4.751053
1.930032
1.986782
1.737128
1.628363
0.761500
0.361119
0.230257
0.746517
1.200062
2.526672
3.681735
0.179361
0.019768
0.662190
0.140655
0.773489
0.029680
1.952408
2.024609
0.646752
3.374011
1.767010
2.951630
1.440913
0.392128
0.400833
1.854244
0.473926
2.220650
2.240904
1.191934
0.949301
2.002877
0.163197
0.359897
1.369204
2.190970
0.681605
1.089330
4.806410
0.462792
5.099418
3.936682
1.317861
0.524754
1.878069
1.091508
0.525404
2.421867
0.081119
1.446186
1.306772
0.621948
2.010028
0.314674
0.767673
0.083149
2.332122
0.596524
1.017907
0.172515
0.091836
3.967954
0.538063
0.533548
0.499380
4.001868
0.151757
0.094807
3.855548
0.218773
0.741180
1.344659
1.709260
0.105279
0.420456
0.553144
7.478342
2.684164
1.230526
0.660696
0.741405
0.915718
4.169910
0.744711
0.024088
1.640339
0.369294
0.648021
0.326578
1.281390
0.482047
0.852666
0.686155
0.466973
0.284712
0.012734
0.396117
1.879831
0.482363
1.656273
0.945943
0.021253
0.749381
0.245762
2.768999
0.823453
1.298698
0.626806
0.121373
0.220628
1.564021
0.124404
0.550235
0.543512
0.036044
6.571576
0.934292
0.377986
0.021717
0.058626
0.902292
0.349517
0.139499
0.130034
0.873991
0.133183
0.471291
0.085571
0.202548
2.307619
0.379577
0.115083
0.525599
0.012826
0.240056
0.256966
1.228448
0.824880
0.068991
2.251956
1.266194
0.696825
0.979338
4.791820
1.336602
1.204961
0.796354
0.259630
2.010203
1.539165
0.338175
1.483378
2.226900
0.604654
0.704493
0.999434
2.047019
2.057628
0.424824
0.382823
0.672188
1.843254
10.892570
2.897593
0.825753
2.572004
0.537342
0.815232
0.254360
2.792084
0.102385
0.144028
2.349778
0.587829
0.883201
1.288181
0.417127
4.161082
1.550190
0.046348
0.363859
1.179019
1.628227
0.382468
1.352645
0.749230
1.170304
0.273849
0.914202
0.925358
0.387616
3.402491
1.199859
0.738107
1.484486
1.727685
1.323271
7.478342
5.201536
0.620562
0.291035
2.459608
0.054490
2.895068
2.278065
1.472465
0.771956
0.169949
1.008284
1.165219
0.394329
2.576078
6.865687
0.760132
2.055464
1.127668
1.256641
0.302752
5.127094
2.028852
0.970045
0.491991
2.455367
0.063776
1.124565
0.126395
0.167183
0.591152
0.407306
3.723885
1.996280
3.642294
0.723799
2.204044
0.569985
1.968646
0.530611
2.074871
1.700843
0.579857
2.216632
2.294036
1.583232
2.760902
3.112220
1.074639
0.476251
2.666458
1.247781
2.704302
9.180812
3.802066
0.822423
0.158509
0.062821
0.385780
0.630635
0.715442
0.752402
1.530632
1.201081
2.589653
1.598037
1.952239
2.118207
1.174005
0.407966
0.972494
2.566674
0.021299
0.106360
1.300876
2.085312
0.855092
0.657003
1.036428
0.769813
0.061628
1.127086
0.028793
1.695164
2.645749
4.452421
1.067721
1.493503
1.628363
0.936854
1.419651
0.468223
0.379341
0.836748
1.295438
0.809411
2.312103
0.431401
5.281415
1.031139
0.481984
0.160138
4.348338
1.168807
1.307538
2.724715
2.765235
0.548848
1.392419
2.115767
0.520215
2.584773
5.992936
0.474868
1.275807
0.360129
6.310338
0.164065
0.779172
0.256260
1.196094
0.116418
4.510539
2.349778
3.395871
0.167951
0.313827
0.885925
1.951062
1.071083
0.808076
0.036091
0.923662
0.286373
0.124056
0.713231
0.918249
1.899840
1.603493
1.153716
2.073047
0.414409
2.549793
0.164933
0.292425
1.945023
1.253365
1.816586
0.953617
1.885291
1.375833
2.242741
0.314787
0.621186
1.338389
1.452321
0.036325
0.533810
1.416941
5.109046
0.793399
3.400281
0.861663
5.456929
4.108470
1.770434
3.775739
5.005097
1.014933
3.658471
0.277590
2.131797
1.643211
0.270830
2.133505
4.159616
0.561108
1.330144
1.651310
3.308617
2.370754
0.008447
0.298836
5.841626
2.875640
0.323451
0.958466
1.717149
1.292401
2.813735
0.124503
0.041163
0.876042
0.615241
8.452551
0.340586
3.217924
2.994148
1.364194
1.581523
0.708452
0.144330
0.186031
1.064925
1.031139
2.849102
3.435135
1.956788
3.707533
0.028047
0.221689
2.033462
2.486747
0.269131
0.590405
5.894263
1.598568
0.068129
0.210902
0.193251
3.071585
1.215217
3.828863
0.749079
0.479083
0.387735
1.588635
2.319820
2.638023
2.974400
0.622363
1.072860
1.570136
0.752704
2.671884
1.166215
1.961351
1.332368
0.177659
1.386985
0.670255
1.573400
2.671612
0.879329
1.874551
0.646893
0.551821
1.847797
1.216762
2.166709
1.785560
0.538849
1.239286
0.336456
1.232087
1.197721
0.332051
0.860119
1.229695
0.028887
1.526573
2.663752
0.941992
0.605682
1.755901
0.841474
0.410131
2.643347
0.321124
1.534574
0.684131
0.781252
2.981734
1.307975
0.332565
0.758613
0.071870
1.763891
1.024237
2.511697
0.659843
1.784657
3.294556
2.469075
1.588503
1.128639
1.067814
1.814283
0.660838
0.528461
0.927140
0.795887
1.126601
3.196179
0.744636
1.467464
1.928044
0.478264
2.937613
1.245574
0.093150
0.402329
1.934347
1.805105
0.992055
0.727141
0.496956
0.380756
1.776855
0.501425
0.639583
1.623626
1.818278
1.576277
0.039517
0.865979
1.007477
0.436353
0.713378
2.209027
1.957126
1.423667
1.793257
1.787217
0.081360
0.149480
1.459692
1.426626
2.555315
0.955780
2.441784
0.259250
2.839346
1.268964
0.629799
2.184279
0.203544
0.148721
1.896271
2.178008
3.226554
0.322713
0.815075
0.625278
0.133783
3.582266
0.026415
0.365552
2.136355
0.083585
3.068041
0.762261
0.229510
1.603093
0.338692
2.592744
0.179361
1.104357
2.140736
0.425918
3.246354
0.058674
2.272849
0.415073
0.820444
2.523468
0.954309
1.404046
1.164722
0.371052
1.995587
0.127291
0.311290
0.906810
0.667609
1.604693
2.732901
0.368767
0.685504
0.715147
1.029775
1.319957
2.288343
4.350001
0.462480
0.277314
1.046051
4.797415
4.547092
0.294373
1.039995
0.314843
1.712554
0.917574
0.140203
1.625113
5.929615
0.158661
0.901207
4.276142
0.566708
1.985234
0.261973
0.893131
1.104643
0.104150
3.597805
0.215018
0.224079
2.392930
0.282224
0.729744
0.121770
0.939250
0.006606
1.007656
1.422130
0.667895
1.900490
1.021250
0.257238
0.082134
1.496355
2.603092
2.444351
1.712984
1.470756
0.996407
0.119339
1.145540
1.925398
0.350152
3.259566
0.128986
0.789288
0.680380
0.234052
0.007986
3.524547
0.020696
0.012134
0.605408
0.196274
3.625263
0.379636
0.499636
1.102160
2.646818
1.166912
3.558028
1.249675
0.049609
1.625519
0.161667
0.054870
0.436536
1.796286
0.206693
3.122095
10.351050
1.376864
0.312530
2.536324
1.241169
1.144165
0.293705
1.021250
1.180829
1.620656
0.350673
0.482615
0.449637
0.559047
5.710360
1.055366
2.857383
9.201792
1.360788
0.787507
0.980569
0.432805
4.757589
0.649432
0.767139
2.015106
0.430303
1.759299
0.528396
1.573923
1.760038
3.828863
1.842003
2.336897
0.165035
0.656435
3.203135
0.716696
0.770349
0.029447
3.859743
0.024925
1.321171
0.067219
1.197416
2.120464
0.664826
0.330567
0.579385
2.480036
4.003188
2.750269
1.698995
2.321110
0.207902
5.779944
1.536485
0.013057
0.737134
1.640749
1.029593
2.339943
1.935511
0.872516
0.607740
0.377691
0.519891
0.089453
2.138258
0.744786
1.390220
0.306846
1.592733
1.048628
0.021485
0.595571
0.504370
3.414483
1.249780
1.675872
1.579948
0.785341
2.278693
0.126494
0.708232
0.059245
1.056199
4.303314
0.025344
0.851535
0.719060
0.197579
0.175136
0.145742
0.089793
1.812290
2.565154
2.604131
1.983343
2.010377
1.068467
0.713305
0.165700
2.293403
0.171642
2.107162
0.625347
0.617381
1.315219
0.207534
0.263282
8.478413
0.754141
3.315280
1.417294
1.009450
0.427683
2.005663
1.531140
0.610488
0.013519
0.576223
0.089501
0.585392
0.183131
0.707571
6.418666
1.251572
0.591967
2.952613
0.702225
0.538128
0.267707
8.001919
1.760038
0.335826
3.132774
2.076880
0.718986
0.710803
0.496063
1.768051
0.288591
2.646551
0.583973
1.785711
2.881880
1.100252
1.729859
0.921884
1.212030
2.707639
0.573201
0.570052
0.370935
1.433752
0.347726
0.539768
0.479020
1.014663
0.398981
4.304121
0.210323
2.063414
0.958466
2.016861
1.447387
0.810275
2.188408
2.490837
3.748752
2.805393
4.077628
1.664859
0.168412
0.825118
0.822740
1.402530
3.597301
1.895785
2.379898
1.465761
2.021611
1.930197
2.962807
0.813735
1.502325
0.884851
2.420947
0.708966
0.248947
1.129417
0.226153
0.041775
3.309864
0.278306
3.533209
4.571001
1.431492
0.011211
2.493971
1.380307
1.829861
0.401551
2.534587
7.060272
3.828275
1.479813
3.484772
2.088441
0.239895
1.926390
0.791226
1.022788
0.256477
3.062037
2.254012
4.994832
0.054538
0.651480
0.046395
4.454203
0.593326
0.583838
2.975066
0.795343
1.055829
2.108468
1.577456
2.572259
3.090507
0.223760
0.434456
0.215493
0.932245
0.208744
3.764436
0.830683
0.091106
3.204297
0.313432
1.369204
3.582266
0.474240
0.117903
0.294652
0.399279
2.014931
0.823294
1.507944
0.215810
5.168153
2.066497
0.356293
5.044230
0.174467
0.861257
2.007757
2.414752
2.303361
1.433991
0.695077
0.084505
1.273879
1.219443
2.141117
3.211290
0.354611
4.668580
1.330922
0.821710
0.377279
3.926611
4.943298
1.032870
0.314335
0.090863
1.477973
3.025471
0.738557
0.695441
0.906224
1.382376
0.029307
1.113946
0.338118
1.848268
1.925563
0.188053
7.289810
1.251783
1.506444
0.832038
0.974684
0.520344
1.634747
0.790450
0.292758
1.461025
0.431401
0.660625
4.186977
0.727735
0.486916
5.980549
0.003804
0.320671
0.763175
0.633705
1.507569
0.824722
0.957079
0.809332
2.349778
0.130584
0.592034
1.571049
2.417273
1.634747
1.328367
0.714262
1.054256
1.242846
2.207231
0.831719
2.923083
0.312248
0.673981
1.877909
0.833473
0.557652
0.183287
0.472294
2.264540
2.336244
0.469537
0.855254
0.370818
0.406465
3.707533
1.519245
2.736586
1.999575
0.398742
1.275807
0.669611
0.315804
2.430866
0.211218
1.972904
0.787661
1.923911
3.644891
4.465842
1.105791
2.122347
1.701839
0.109262
2.477646
0.352872
1.343089
3.332912
1.174806
2.181924
1.248622
0.442673
4.430316
0.020000
1.329811
0.918418
2.805690
2.831465
0.665111
1.925233
0.175857
1.081213
0.108327
0.365727
