0.607337
0.828913
1.352922
0.419030
0.574469
0.734073
0.420423
0.717417
0.299552
0.443550
2.533172
2.389508
1.023972
0.948559
2.738458
2.856350
0.488434
1.230819
1.902260
0.046761
12.385030
0.606441
0.679207
1.301381
1.347858
5.073274
10.375443
0.218072
4.057957
2.264190
3.138796
2.660783
1.565058
0.545698
3.807385
2.887652
1.867098
6.750463
4.069271
1.766722
1.204951
1.939806
3.569045
2.519811
1.028582
5.352605
1.458676
0.523154
6.317422
1.613199
0.293535
1.578331
2.614232
4.472952
2.623728
1.014007
1.315155
7.776877
0.980585
0.861528
0.463096
0.524027
0.498582
1.124550
0.626133
1.568274
1.188469
3.059561
2.283979
0.719515
0.569513
8.149285
0.006737
0.898163
0.171600
1.025429
0.149670
0.323682
2.045929
3.740921
0.448990
0.198442
0.115661
0.479086
3.479462
0.753528
1.020167
0.147127
1.615192
3.746929
3.312143
0.019289
0.235505
0.951795
2.444241
1.975205
0.784404
1.815141
0.806857
4.914672
0.476126
0.146873
0.928048
1.177016
1.316179
4.173094
0.802013
3.281626
4.383979
0.997487
0.462866
0.406285
0.360458
1.449288
1.600566
0.745130
1.067574
0.569738
0.572980
7.837396
1.424499
3.134579
6.043904
0.138278
0.800277
1.643893
0.233652
1.935142
2.237833
0.294582
0.230164
0.373648
0.129077
0.859292
0.041193
0.534751
5.576674
6.347824
0.184032
0.316704
0.983444
0.649263
3.296219
0.771167
2.951206
7.570333
2.639198
0.925196
0.205317
0.823336
3.634831
3.385411
2.489924
1.249709
3.117199
3.922449
0.117444
0.719953
0.157270
3.006172
1.058591
1.163248
2.661774
0.067538
0.438333
0.260587
6.523041
0.432813
1.149752
2.337931
1.083318
0.610816
1.014428
1.599961
0.671639
3.549148
0.776919
0.268219
2.850234
0.874585
0.737577
0.310441
0.062360
0.754306
1.756854
0.789367
0.257108
0.071768
0.451895
1.697507
0.512546
2.158179
3.353821
0.376204
0.706790
0.948481
0.953136
0.226368
1.006228
0.228590
0.773434
1.413579
0.411976
2.385853
0.286056
0.156279
3.982111
1.568128
0.117341
0.614871
6.235778
0.791192
1.617958
0.526398
1.723866
0.849467
0.849681
2.732945
2.208548
1.321657
1.911092
0.921508
0.392794
0.098507
1.531451
0.109125
0.241639
0.394825
2.838356
0.218549
1.552295
0.191728
0.109125
0.130119
0.504680
1.438358
4.144773
0.688532
1.338505
3.022980
1.385196
0.769373
3.247027
3.071432
0.743536
0.424101
0.412325
2.255727
0.582060
0.226325
1.157017
1.793626
3.305121
0.133322
7.219154
0.518935
1.436604
0.394690
1.790722
0.495831
1.908815
0.080899
0.226530
6.586127
0.688791
0.914680
0.591057
2.159617
0.886149
5.282881
2.265383
2.041828
0.191691
8.442681
0.012653
1.353964
5.081776
5.417505
0.789198
5.968887
0.289759
0.389084
0.200939
2.776010
0.384642
0.932599
3.115822
1.087502
0.398969
0.107900
1.026025
3.284201
0.850324
1.926648
3.415487
2.945369
0.131944
1.251086
9.270313
0.273300
1.748644
7.017270
0.709134
1.021946
0.772604
0.271952
1.906122
1.244285
0.006859
0.754890
0.002873
2.317726
1.659785
7.261713
0.826121
3.753241
0.142394
0.162559
1.019744
0.623032
0.645939
2.112556
1.086661
0.211752
2.808803
2.939598
2.206853
0.355394
2.286084
4.570559
0.201834
1.015775
0.095954
4.558001
0.675057
0.361326
1.952403
2.461978
0.148076
0.233666
1.161172
9.849874
0.089055
0.813168
1.155508
0.254338
1.311184
0.020316
0.686759
1.282701
0.153185
0.904485
1.789078
0.046282
1.178591
0.955438
1.528935
2.006593
3.098259
2.766981
3.075358
0.484911
2.265895
2.735340
1.378149
1.183772
2.420681
0.022124
0.625215
0.036401
0.945334
0.281112
1.808195
2.273870
1.559672
1.434227
0.574280
0.872495
0.095548
4.790366
0.173777
0.688274
0.057209
1.180903
0.415504
1.053648
0.691501
0.907557
1.523460
1.534299
0.650725
3.456992
0.427410
0.615888
0.994348
2.995976
0.407407
3.680434
2.176536
0.674031
5.679470
1.867709
1.665953
1.761856
0.842613
1.183769
3.584740
0.006297
1.927928
5.383890
0.794893
1.054699
0.920764
2.885326
0.638341
0.768486
7.417706
0.495171
1.967317
3.966754
0.468296
0.007751
1.121002
1.271881
0.232510
5.229635
1.182477
0.151621
0.436726
0.388730
2.292987
1.527649
1.761165
0.432954
0.057333
1.361184
0.061516
1.057683
1.134733
7.997226
1.573098
0.241834
1.412713
4.367652
2.064899
1.953537
4.044578
6.488312
0.141691
2.296063
0.367528
0.259891
2.291451
0.528985
1.865846
0.306939
0.740617
1.059213
0.022748
2.448723
2.810544
0.964604
0.563553
3.691226
1.902484
1.094136
1.509261
1.320399
1.912623
0.168056
0.364096
2.288284
0.643992
3.675782
4.079897
1.404775
5.055612
0.108594
2.275012
0.790241
0.097666
0.593983
0.257043
2.139236
0.798730
0.918750
0.649497
0.688619
0.369690
0.232934
0.316621
1.530271
0.485950
2.503879
7.299242
1.542686
1.322740
1.333649
0.104486
1.674535
0.972000
0.742032
1.099131
2.441469
0.928420
0.296756
0.087775
4.450087
0.596882
2.724450
0.167623
1.926008
1.578873
0.223730
0.163817
0.656004
1.155182
1.157503
0.018333
2.024578
0.727103
0.118371
0.902591
0.031063
1.356589
0.094307
1.060323
1.168932
0.265041
1.263209
0.617720
2.852535
0.275026
7.463048
0.267581
1.911712
4.475094
1.863055
2.655240
0.576450
0.289580
0.862900
1.382636
0.003118
1.108333
0.859364
1.235961
0.114462
1.003796
0.318088
2.203766
0.076228
2.717448
1.081099
1.038620
0.037467
3.490967
2.612428
0.746459
0.490176
2.545940
3.056744
0.060445
0.854977
0.810282
0.713931
0.511770
0.344180
0.513515
0.069793
2.727712
0.064632
0.354567
0.174045
0.729071
0.027411
2.139769
0.328502
0.095954
0.802490
0.074680
1.264356
1.090553
0.938680
0.354524
2.532788
1.736827
4.378614
0.282890
0.241901
0.683286
1.193993
3.148704
3.849605
0.007351
1.493936
0.452354
2.940318
0.440985
1.282353
3.143737
0.205501
6.537424
3.339183
5.886348
0.455077
2.189123
0.726094
0.211289
0.292404
0.245762
0.394011
0.632571
2.132844
1.322802
2.250604
5.069332
2.471327
0.106355
1.411262
1.078461
0.257187
1.121109
2.943646
0.042252
1.833375
0.152012
1.966221
0.809733
0.239835
3.716897
0.860646
0.127481
0.012183
1.075762
1.077121
7.723933
2.653938
0.373574
1.593483
0.461328
0.831503
1.183217
1.171890
0.616340
1.928248
0.854475
3.663806
0.299835
0.219845
0.483046
2.630311
4.759800
0.798684
0.150480
0.241639
1.817865
0.424464
9.022207
4.404300
1.331272
1.009461
0.519243
0.928711
6.012818
0.075997
0.448990
8.353235
0.676922
0.015686
4.871675
1.187167
0.149776
1.329610
0.768297
1.085191
0.513584
0.678054
1.054244
1.226752
0.788628
0.062977
1.283709
1.621195
4.120676
0.137166
0.063172
0.078140
2.047960
0.352655
0.869068
1.771519
0.459802
3.795978
0.295976
1.345933
0.010029
0.565807
1.278215
0.168526
0.333815
0.404382
1.320849
0.769605
2.594590
0.384238
0.717677
0.308320
2.364556
5.393261
0.461481
1.705940
1.481545
0.358709
1.314473
0.441792
0.054885
0.298112
2.672824
0.928897
0.751520
0.184191
0.589130
0.236987
0.157402
2.503879
0.121536
0.339003
0.444026
1.976197
2.132587
0.137428
0.923811
0.146697
3.684252
0.321795
0.000366
8.361203
0.364360
1.373518
1.322976
0.430605
1.125390
1.499525
2.144501
0.240125
2.244722
0.334966
1.188186
0.113231
2.850761
0.478585
1.405023
0.531974
1.893025
0.702793
7.859018
6.609268
0.218781
0.774041
0.813857
1.220528
0.178444
0.441982
0.219883
0.329121
7.709471
3.883354
0.711224
2.329432
1.299929
0.271322
1.276683
1.225908
0.101276
0.016834
2.732392
0.896663
0.454548
3.629865
0.807883
0.101442
0.036401
1.297709
0.536758
2.341415
1.884081
3.787821
6.233021
1.747620
0.247446
0.572763
1.094744
0.468104
0.271097
0.181907
0.756858
1.887842
0.884174
0.666884
0.298524
9.841488
0.739645
1.106117
0.028195
2.630791
0.754890
1.365529
0.673445
2.634863
1.606178
0.749121
0.462512
0.233782
1.642101
0.639093
0.169791
1.463939
0.633385
0.288522
0.469515
5.306142
1.019394
1.204505
0.280627
0.406359
2.710099
0.141867
2.435066
0.282811
0.992146
0.909287
3.344700
1.123423
0.863553
0.147828
1.498645
2.013317
1.825337
2.433400
1.956896
1.119720
0.863276
1.171388
1.002497
5.192451
1.047714
0.581787
0.226292
6.238325
1.267102
4.916811
0.116998
3.953491
0.604540
3.443630
0.438995
0.192949
1.400259
1.000986
1.895701
0.343190
0.659775
0.383521
1.012193
2.032001
0.831854
0.092627
3.697419
4.260031
1.169917
1.270683
3.813949
3.754721
1.118461
5.315803
0.978310
0.522441
0.982945
3.224016
1.641950
0.303637
0.978461
0.604093
0.767762
2.662168
0.914020
1.361305
0.816063
0.259241
2.603209
1.780649
1.552151
1.291762
1.212434
1.116316
2.967094
5.285220
0.097812
1.042902
0.101611
0.165607
0.369337
2.039714
1.509141
0.374457
2.546325
0.957583
1.631987
0.926736
0.909191
0.223320
2.454845
2.618974
0.008257
1.447525
0.742951
1.055071
1.607159
2.537409
2.439680
4.369279
4.903305
3.905601
0.652892
0.070503
1.013509
0.292332
4.642006
3.604863
0.732150
1.325785
2.436186
0.142534
4.675863
0.374649
1.201164
0.365371
1.386539
1.166743
0.430208
0.062364
0.548388
0.604484
1.197384
0.150612
1.829258
0.901800
0.595144
0.552385
0.755280
0.111253
3.948318
0.220302
4.102555
3.644246
0.569576
2.404368
4.680294
0.490276
0.213969
0.251519
0.256835
0.088030
0.533293
3.137388
0.215255
1.382636
0.198293
0.195395
0.750453
1.974985
0.029797
9.634956
2.308032
0.083732
3.856310
1.229517
1.210136
2.860937
0.400982
0.182920
0.573656
0.422237
1.726950
1.217636
2.428066
2.209653
4.616064
2.426012
0.134031
4.623442
0.296305
2.179300
2.929726
3.741713
0.251127
0.431215
2.077929
1.993321
1.489595
0.083334
0.613817
1.437768
0.130575
0.635399
2.056311
1.650569
0.373983
0.821114
0.416944
3.584863
0.203626
0.364624
2.614817
2.717448
12.132949
0.600359
3.351537
4.431061
1.969486
2.999051
0.640076
0.255032
0.058526
2.521243
0.031497
0.170695
0.619567
0.884059
0.516980
0.526088
1.579541
1.652082
2.842649
1.529746
1.576065
2.959413
4.539275
7.339552
0.709826
1.574706
0.046985
1.431490
0.138539
1.399318
0.655056
1.207580
1.677921
8.349263
0.111217
5.467600
1.966444
0.334669
0.247485
4.083656
2.907237
0.715932
0.411976
1.344498
1.408887
1.758765
0.519705
0.035441
0.727578
2.143866
0.598192
0.136774
0.490208
1.048462
3.058434
2.247895
0.991383
0.175044
1.871253
0.991044
1.251420
3.100846
1.482953
0.186088
0.195466
0.857457
4.170671
0.160432
0.429760
1.674253
4.529002
1.302035
5.679470
3.624712
0.027471
1.947009
0.256792
0.151799
0.314567
0.234823
0.898163
0.549444
1.359618
2.738218
3.588775
0.807485
0.455798
1.013813
0.891194
0.851002
0.631315
0.981155
0.359279
0.620632
0.944700
0.917146
1.005463
0.092665
0.438569
1.453963
0.838153
0.570325
0.904323
2.945901
1.206624
0.559235
1.573707
2.975404
0.688094
2.000776
2.468441
0.287042
0.748871
1.016653
0.781336
0.619907
2.045759
2.429505
0.866016
0.124720
4.337528
0.006297
0.429338
2.602313
0.771914
1.586140
0.112609
2.879687
1.391803
0.286340
1.940289
0.558792
1.769529
2.654806
4.777019
0.151994
1.072942
2.853934
0.360589
0.584827
2.353042
0.364692
1.143616
0.711565
0.118165
0.477945
1.391312
0.925812
0.145531
0.003454
2.896984
6.389093
4.466534
0.505866
0.942980
0.620758
1.226923
0.668431
0.321912
2.108523
1.408142
0.470150
2.321035
0.635169
0.806480
3.718072
5.236318
0.238148
0.612242
3.821772
3.462844
1.657191
1.131399
0.433143
2.413086
0.769671
5.189997
1.084491
2.980545
0.061548
0.380927
0.484989
2.895945
2.214265
0.836070
1.131622
0.088122
0.097363
0.355873
1.174194
0.293968
2.245158
0.610366
1.433727
6.267756
5.530582
0.784223
1.287461
0.278972
0.719806
2.718881
0.997968
0.142394
1.214226
1.843490
0.348408
0.842781
2.500283
0.327655
0.080391
2.912371
0.492783
2.294716
3.443630
5.071732
0.624131
0.897562
0.765857
0.712879
0.963781
2.712884
0.321154
2.475690
1.247430
1.097118
0.227862
0.407359
1.649315
1.675931
3.235608
2.979627
3.249815
3.958344
1.326054
0.715927
2.438161
0.784674
0.921584
0.267481
1.921879
8.282915
1.646525
0.962694
6.915908
0.262331
1.628167
0.077315
0.401779
0.169610
1.255303
0.337272
1.807893
1.325095
0.410667
3.901733
3.549202
2.367744
1.371093
0.255373
3.069448
0.788158
1.658152
1.010815
1.047946
4.048069
0.793003
2.678173
0.846901
2.164114
0.482434
1.572294
0.046154
0.430839
2.858387
1.489595
2.399703
1.230420
2.071557
1.676651
5.439615
2.861377
1.023559
1.701790
1.363717
0.853686
1.337934
1.072525
1.042075
0.917909
2.716570
1.523330
2.727448
2.937665
3.909524
0.504124
0.166757
1.315951
0.695592
0.192978
0.841719
3.395053
0.278972
0.695952
1.182577
0.207902
0.215596
0.912803
0.707047
0.456858
0.794185
0.554397
1.061204
0.297851
2.607926
0.209745
0.843078
3.503594
0.177777
1.825149
1.171561
2.936142
0.825145
2.170066
0.083102
0.534126
0.093075
3.436131
0.456569
0.092244
2.902708
0.869959
2.485817
0.144014
0.344826
0.832407
0.693147
3.297806
4.656983
0.017225
0.167623
1.197828
0.813343
0.579441
0.835999
1.118118
4.598954
1.091557
2.381550
0.906404
8.549430
0.133427
3.327549
3.153017
5.176957
1.454081
2.652205
0.414152
0.544756
0.001772
4.124992
0.886149
0.302480
1.606939
0.717927
0.269018
0.144861
0.163589
1.095930
0.041629
0.400013
1.075147
0.341535
1.234798
2.081210
0.004828
0.285162
6.207553
1.737474
0.027944
1.191838
0.822780
1.589245
0.237103
1.204522
1.204929
0.140765
1.390449
2.691495
0.942841
0.344266
0.757816
13.319076
1.862591
0.522428
0.475367
8.405605
0.562547
2.123616
1.177709
4.451216
0.147156
3.485729
2.430945
2.371336
2.044910
2.756298
0.634330
2.981629
0.761796
2.226490
3.302891
2.630766
0.340742
1.983259
1.705940
1.657127
1.303626
1.535919
1.466240
0.256989
0.100378
0.573467
1.390204
0.844555
0.254467
0.263439
2.026429
1.031489
3.075120
0.145849
0.563177
0.477798
6.826835
0.137690
1.594084
2.130893
0.554800
1.936106
0.188010
2.565655
0.247563
0.237566
0.072654
0.019538
2.542826
0.881370
0.562106
0.432578
1.153769
0.936885
7.504233
0.600248
3.085322
1.042799
0.698410
4.899765
0.162045
1.774394
0.795636
1.391795
7.692255
0.008305
0.811327
3.549508
1.724722
4.363321
0.196207
1.119079
0.013055
1.369709
3.199016
0.368284
1.354576
0.758106
0.273300
0.078767
0.805840
0.645846
1.371457
1.446644
4.424272
0.135591
1.497204
1.366592
0.830742
0.568013
1.977673
3.863879
1.694697
1.187744
0.760228
0.075010
0.595808
0.222843
4.040853
0.588910
1.432978
1.006531
0.284189
2.327552
6.011585
0.113573
0.272338
1.162272
0.337743
3.033294
1.188076
0.179786
4.463120
0.117328
9.118955
0.005662
1.037069
3.656743
0.780162
1.371872
6.153361
0.287641
0.632752
1.275917
0.174830
0.503518
0.912879
0.923668
0.384014
0.765004
7.101371
2.587666
0.852030
1.190067
1.065442
0.627194
0.805080
0.207226
1.397341
0.440179
1.548456
0.423861
0.424766
0.050638
1.297826
3.086228
0.984988
0.321070
1.443309
0.058179
1.472348
1.803226
0.045291
0.185463
0.124573
0.821701
1.921217
1.800972
0.026940
4.769054
0.475677
4.673335
0.435361
1.272988
0.148926
0.417130
0.280465
0.007566
1.705389
6.864255
0.201909
1.389963
2.306478
1.213622
1.381052
5.103903
0.614251
1.721815
0.978472
0.318843
1.640525
1.733320
1.490543
2.614400
0.444930
2.288957
0.179713
0.059972
0.261768
1.239247
1.810910
1.203607
0.576097
0.384149
1.101639
3.068316
0.218819
2.026660
4.535476
2.476761
0.561092
2.678078
2.043711
5.909430
0.525159
2.142440
4.590454
2.869632
2.478428
0.039013
2.401730
0.601417
1.788895
2.307639
4.451787
2.146849
0.158391
0.303100
1.213314
1.961170
0.237566
5.055612
1.759206
0.300624
0.059506
0.984942
0.324306
0.137689
0.806754
0.785669
0.023154
0.083367
3.543756
0.062425
2.142262
0.740644
4.544929
1.289232
1.097620
0.959333
0.928125
2.678406
0.141158
2.876306
1.036948
2.312288
0.835155
0.214944
0.335318
0.822294
0.782598
0.596307
0.735728
0.983844
1.487972
1.836583
2.831052
0.249167
0.833703
0.018698
1.931940
0.704935
3.011667
4.381248
0.150349
1.818167
2.166630
1.610297
3.604996
0.154037
1.818926
0.778900
0.015098
1.798803
0.594535
2.135504
1.743821
0.925121
0.531941
1.278873
1.992990
1.668134
0.127100
0.398274
3.071999
3.091661
1.167509
0.270497
3.562023
1.094242
0.623544
3.684282
0.859580
2.449762
1.696361
0.520540
3.504566
0.562709
1.009764
0.950452
1.050628
0.943624
0.603814
0.307935
0.754543
1.097941
0.057564
0.087622
2.593364
3.071148
5.367740
0.959635
0.782869
2.743264
2.286658
0.889433
1.828181
0.765857
0.459705
0.401653
3.474948
0.208024
0.664805
0.270057
3.290517
1.275699
0.692239
1.353484
0.041691
1.450703
1.519151
3.034635
0.361027
3.223642
0.733374
3.676210
0.941961
0.095615
1.874242
0.686820
1.367341
0.640945
0.056705
0.247094
0.657240
1.821352
0.106725
0.117651
0.255586
0.805285
3.572320
2.982033
5.546154
1.967535
4.123552
0.519448
0.441365
1.860800
3.935944
1.662446
0.503431
0.480015
0.288522
1.993982
2.434035
0.017238
1.747934
2.284170
0.848754
0.627652
0.388505
3.744093
1.913778
1.311067
0.111660
4.139930
3.824249
0.206602
7.087817
0.121020
1.652660
0.604300
1.899326
0.804671
0.571195
1.676910
1.793776
0.098710
1.538420
4.115414
1.120892
1.808625
0.076557
0.854475
0.787152
0.550133
0.703920
0.436044
2.312645
0.555489
1.498842
1.046236
2.449883
1.749961
0.059149
0.869299
0.071529
0.662376
2.301071
0.653713
0.482434
1.089816
1.842555
1.726092
9.214495
0.705182
5.624869
1.663708
0.117169
0.914102
0.170659
0.104283
0.491173
0.217301
1.697935
0.794549
1.860269
0.204901
0.621298
0.006798
2.978649
0.416528
0.899981
5.626523
1.834749
1.075415
2.221480
0.285704
0.389225
2.338055
1.286135
1.290482
2.628674
0.629998
0.191655
2.590918
2.712466
1.729356
0.855479
0.251951
1.004412
0.064408
0.751261
0.385269
0.341245
0.031182
0.486546
0.132033
1.073092
0.780070
0.357312
0.966849
3.710099
0.208090
0.452201
0.913138
0.208227
1.486800
2.794683
0.916610
1.470026
0.987115
0.249285
0.763195
1.198131
0.027191
2.512006
0.250303
0.161866
0.016462
3.301314
0.501551
4.852935
0.409379
0.618377
3.535516
1.006631
0.262648
0.003148
2.891166
0.785879
4.336994
1.746889
1.219391
0.762384
0.263363
2.215004
0.247903
1.966221
0.140707
3.993546
0.212838
1.694864
2.766261
5.116152
1.337923
0.673091
0.552568
0.174212
4.364944
9.327733
0.212567
0.516822
0.207264
1.977509
2.195548
0.309650
0.549233
7.417706
0.204377
1.130432
0.318297
0.931450
0.695002
3.205675
1.128822
3.798699
0.268259
2.027846
0.109785
4.568760
5.327048
0.067864
4.207316
0.454980
1.415652
0.080585
6.953072
3.048040
0.666824
5.764816
3.695482
1.575109
0.890994
9.568159
0.467641
0.010523
5.098109
1.402787
0.501853
1.795490
3.036863
1.385928
0.189754
2.310737
0.835556
0.289087
0.634593
0.822622
1.242880
0.650432
2.317337
0.142254
4.124032
4.989441
1.361221
1.725407
2.592472
0.567959
1.362650
3.021874
0.775288
0.003087
1.413579
1.793776
1.373639
0.474702
1.668481
0.026345
0.293535
0.536199
0.776946
0.452962
1.048256
1.222702
4.250296
0.131476
0.223320
0.322628
9.226765
0.305445
1.132663
0.067832
2.548776
0.047017
0.527536
1.309187
0.556572
0.094005
4.098258
0.272138
0.698720
0.460285
0.525933
1.481507
3.222419
1.059317
0.408965
0.009721
2.013317
0.152403
1.323833
1.468020
0.167623
0.249363
3.090676
0.095890
1.963287
2.872710
0.176941
1.047637
2.169163
0.544961
0.310785
1.480433
1.661465
1.930887
0.678966
0.378073
1.091712
1.703649
0.182419
0.274866
0.874018
0.308078
0.547385
0.417534
0.308647
3.041606
0.127758
0.019935
0.491612
0.390532
1.072838
5.031296
0.032410
1.631021
1.657351
0.043811
1.645259
5.761549
1.769825
0.486857
1.065358
1.210648
1.960682
1.276683
0.156345
0.323724
0.850467
0.656592
1.724893
0.194876
1.073047
2.326302
0.334308
0.214121
1.032341
1.157600
1.212770
4.032457
0.451571
0.003421
0.258253
0.039433
0.960917
0.278770
1.261716
0.059281
3.947771
1.978822
1.049287
1.427113
3.147993
4.348771
2.044910
0.016679
0.969620
0.769540
0.942980
0.749516
0.918368
0.777875
0.675842
0.364052
0.457967
0.397365
0.556926
0.117203
2.279968
0.223502
0.337557
1.574443
0.165872
0.114359
0.005929
0.586708
0.813068
3.247027
0.594416
3.119634
1.380078
0.453346
2.422331
3.244862
0.427324
0.109819
3.089086
2.235547
0.205426
1.834659
0.028101
0.784314
0.028572
1.610570
7.301591
3.959670
0.176831
1.053830
0.520372
4.433628
0.081909
0.366671
0.180078
1.357090
3.049161
6.075480
0.164129
1.148343
0.642452
0.524747
1.185968
1.361546
0.941727
0.259439
0.709569
2.176036
0.408782
0.056207
1.444861
0.895296
0.693447
1.408637
1.152659
2.156559
1.640053
0.082571
0.378251
0.289841
1.151814
2.282068
3.455961
1.079633
2.587261
1.480521
2.333515
1.971911
0.663856
1.069262
3.030743
1.611253
1.396452
0.925121
1.712108
0.700106
0.878501
2.534420
0.108416
1.136672
5.669820
0.551455
2.718160
2.980228
1.268955
0.168959
0.575147
2.574763
0.486993
0.396289
0.121539
0.475782
0.810961
0.492321
2.402238
0.672189
0.045738
2.423550
0.685005
0.194431
1.209931
1.865323
1.374731
0.145485
1.939484
0.691988
0.430889
1.889257
0.744333
3.568682
0.169574
6.230268
2.374639
0.506147
0.499487
1.163053
7.797851
0.532929
2.069495
2.157102
2.530739
1.072525
0.289026
2.083457
1.336147
0.331899
1.019801
3.186666
1.446805
1.024408
2.737738
0.495831
0.590506
2.045080
1.052693
6.181353
0.755020
0.224413
0.847642
0.737791
0.195024
0.140241
0.190358
1.693518
0.308576
1.079180
2.156559
0.110773
0.883140
1.026826
0.357162
1.656871
0.293313
1.869668
1.145310
6.518269
0.078295
1.880952
1.487571
0.563821
4.833684
1.489866
0.210423
0.626133
0.526011
1.094562
0.265111
2.236176
0.564357
0.001038
0.393061
0.398592
0.075339
0.550449
3.659784
0.260239
0.329520
1.015740
2.175191
0.262251
1.613850
0.680954
0.432907
1.776936
5.826802
0.033041
1.075326
1.295121
0.981481
0.251429
0.035593
8.252439
1.656711
0.078803
0.043282
0.109377
0.074056
0.044142
2.766495
0.427939
0.026157
0.682523
2.622772
0.131683
0.974184
0.505692
2.161052
2.993537
0.504882
0.705049
1.685563
0.902140
1.036208
1.655870
0.135663
1.255467
0.558347
0.072717
0.624455
3.730646
0.977366
0.115775
0.234613
0.792328
0.674373
2.029908
0.505552
0.003332
1.308013
1.011585
2.225043
7.822094
1.446267
0.506755
1.186639
0.183739
0.009851
4.308163
0.468412
2.269508
0.068518
0.781336
0.924811
0.509643
0.265877
8.054613
2.178937
0.519346
0.208430
0.537672
4.561581
2.566977
6.491444
0.377330
1.537104
1.247573
2.204501
0.446928
0.165676
1.375247
1.272988
3.790256
1.077744
0.001894
1.829410
0.040881
2.280731
1.586450
0.384462
1.172077
0.696557
0.362473
0.912367
1.710103
0.344143
1.055401
2.815277
0.978959
0.002873
0.941864
6.594361
0.532373
0.700683
0.306204
1.336147
2.498124
1.496838
0.849681
3.031854
1.265735
2.774543
0.953536
0.815373
0.024748
2.156564
1.291561
1.310597
0.190288
2.534326
1.835360
0.244792
1.411106
0.131302
0.027966
2.062016
0.752141
2.337931
4.699396
1.615652
3.967198
0.581186
1.853762
3.092521
0.050895
0.792824
4.110165
0.926505
1.117905
3.372847
2.531388
5.988293
1.884551
1.145202
0.971802
1.401299
0.090519
17.575540
0.248041
3.932452
0.183005
3.312143
1.338505
0.182787
2.691945
0.196174
0.917672
2.168983
2.480536
0.019073
0.717802
0.052815
1.686413
1.800464
1.489755
0.022155
2.579985
4.889889
0.600971
1.195496
1.664269
2.002602
0.551741
0.005378
0.061646
0.138952
0.822346
1.702505
0.759641
0.338470
2.060411
2.787346
3.349255
0.219366
1.974985
1.706902
3.397785
0.582825
0.233358
0.741678
0.218630
0.157855
1.402350
2.364556
0.126719
1.562938
2.031719
1.930330
1.082777
0.732502
0.523355
2.179300
4.101131
2.493659
2.646062
0.615228
1.398577
0.289719
0.577563
0.029797
1.889412
1.984082
0.316453
1.079633
1.089501
0.293676
0.267830
1.606786
0.113334
1.009057
4.177032
4.464257
0.608963
1.319668
1.053107
1.673971
0.483720
0.545909
2.285880
0.030080
1.791383
0.053789
2.062635
0.484315
0.905304
0.677197
0.338984
0.826609
0.268389
1.277339
1.038999
2.021966
4.696200
1.003297
1.262290
0.687790
3.218449
0.440891
0.407407
2.509248
0.433990
0.048746
0.240474
4.321862
1.125020
2.345337
0.297824
4.824809
1.332818
3.513825
0.740580
0.229051
0.005600
0.217301
1.660065
0.286706
0.664983
0.093167
1.363959
0.250852
0.119849
6.378696
0.866379
1.045577
0.765594
0.522634
0.446699
4.242644
0.610336
1.636132
0.427410
1.664269
0.222358
3.298123
0.827376
2.205420
1.551768
5.565791
1.724935
1.336385
0.051570
0.967491
0.260428
1.810306
2.548558
0.658192
0.076129
0.508276
1.559381
0.431027
0.590782
0.143255
0.326676
2.155241
0.054627
1.937856
0.134369
1.631573
5.449831
1.455531
1.933376
0.077470
1.629879
0.985479
1.041642
1.307906
2.897244
1.438107
0.535003
2.264207
0.510256
1.649037
2.398487
0.169212
0.265828
0.332649
0.351787
0.869676
1.714983
1.270452
0.295279
3.252296
2.651799
1.125819
0.383161
2.490660
1.859650
5.626523
3.217229
0.428393
2.030539
3.908614
0.199112
1.779906
0.190472
1.358413
0.429678
0.635253
0.354537
1.818774
1.180903
2.649732
0.290534
4.539016
0.808020
0.690514
0.581885
0.798002
1.583472
6.284646
3.716353
1.848083
0.141164
1.141894
1.200051
0.283171
0.966287
7.611068
1.449036
0.837225
0.397703
2.522088
2.998504
0.880359
1.411137
1.417047
6.197525
0.053628
3.616132
0.540707
0.907797
1.376188
0.444549
0.260934
0.359718
1.411637
9.276612
0.976570
0.699454
0.153839
2.986785
0.148465
2.261919
1.144877
0.362203
1.255253
0.208504
1.386294
1.095191
0.665399
0.827097
4.741422
0.989441
1.869866
0.766147
3.248076
1.069974
1.772489
0.721178
1.181382
0.152324
2.092299
0.526553
0.684145
1.076221
0.261974
2.195882
4.689186
2.119287
0.702272
1.211467
1.829131
0.710788
0.581459
1.758471
0.226599
0.930753
0.297993
0.075821
0.894246
0.032985
0.448699
0.053505
0.455571
0.054111
0.864349
2.612203
4.154006
2.366348
0.133322
4.099709
0.726086
2.335405
5.897748
1.168822
1.597504
1.519412
1.303851
1.545831
0.926043
1.812269
0.476077
0.137885
0.859076
5.218822
4.830949
0.217052
0.295156
0.446241
2.300492
0.891664
0.040640
0.414308
0.024842
1.157988
0.283743
0.343319
0.511218
3.736633
1.599206
0.389010
2.448116
3.371529
0.642477
1.736087
3.187567
0.077407
0.876571
1.089650
3.087370
0.056789
0.965565
0.023082
0.676802
0.750897
1.332587
2.530955
0.193247
0.290992
0.040258
0.218630
1.746889
2.788337
0.905252
3.493766
1.004412
3.434091
1.598318
1.298581
1.001590
1.493744
5.376696
4.971767
0.572437
3.096823
1.357571
1.790174
0.196992
0.076265
0.657259
0.546440
0.076952
1.389348
0.240552
1.384952
9.775639
2.147434
0.314528
0.266624
0.030647
0.181717
0.039560
0.420098
0.839314
1.121923
1.076937
1.059939
4.457443
0.469647
0.271952
1.327950
0.424615
0.848855
3.820738
0.507754
2.601973
2.876973
0.426435
1.121109
0.857923
3.052528
1.028356
2.881319
1.433024
1.057859
0.328114
5.420255
2.680970
3.420206
0.990561
0.766645
0.628806
1.977186
1.198939
2.188716
2.058424
4.404300
1.394015
0.758923
1.148885
0.282749
1.351444
0.416481
0.509721
2.323805
0.295444
2.404263
0.547082
5.554967
1.296905
0.941414
7.056387
0.245486
0.352090
3.320554
1.461038
0.777942
1.188769
1.158280
0.090658
0.025120
1.442534
0.201648
1.936585
1.992735
2.252529
0.865581
0.517612
0.385972
3.440662
0.261560
1.190841
0.915548
2.135681
6.362465
0.922352
0.176358
0.117615
0.333644
4.147232
5.155947
0.020005
4.136547
1.866704
0.474408
0.041403
4.154984
1.446518
1.182875
1.882047
0.994843
2.254272
3.101473
0.134858
0.538755
0.405343
6.053402
1.424250
1.093013
2.020427
1.958406
0.286690
0.965405
3.759629
0.433996
0.292051
0.544224
5.349946
1.790038
0.210938
0.341173
0.607729
1.627438
0.245141
0.246118
0.201498
0.529710
0.470342
0.211855
0.546014
0.151941
0.172035
0.299835
1.471329
1.992064
1.100414
0.296428
1.374282
1.101699
2.705094
4.466534
1.480009
3.519137
1.711102
6.300254
0.108867
0.501450
5.755031
1.186667
0.766505
0.344071
1.639581
1.830272
0.594038
4.632017
1.028254
0.152794
0.624569
1.631435
4.239083
0.627219
1.041772
1.062013
0.109751
0.180047
1.722840
0.606945
1.820991
0.725822
1.027047
1.505834
0.363526
1.432103
0.556820
4.203318
0.125922
0.848825
4.227597
0.280344
0.900336
1.044034
0.929294
0.398092
1.122928
0.153896
0.592938
2.110183
1.462357
2.055458
2.240100
1.075684
0.988344
1.037256
0.303029
1.535919
1.241746
1.856689
0.167587
2.918473
1.783030
2.815998
0.065092
2.643313
0.610419
0.624882
0.373983
0.910827
0.094072
1.019902
0.066787
0.743850
0.208498
1.134654
0.442354
0.143583
2.231700
0.472203
2.256065
0.945190
1.848083
0.491066
0.346292
0.116875
0.753722
0.332537
3.163379
0.043282
2.719349
0.672151
0.945875
0.054917
0.468247
0.254192
1.620289
0.575201
2.927554
1.061806
1.056830
0.484315
0.758285
4.157907
0.236330
1.444883
3.639113
0.285915
1.041977
1.880215
1.329353
0.865909
0.004277
0.297214
3.168729
4.024807
0.362034
0.898985
0.350751
0.187339
0.076011
6.449566
1.247202
3.065487
1.873635
5.129350
0.304379
2.530739
0.178362
0.349317
10.187806
2.342972
0.606497
0.741797
0.129841
2.717494
3.702077
9.883773
0.526408
4.487716
0.215216
1.987212
0.770359
0.950582
0.029295
0.764000
2.637372
0.089990
0.209933
1.880327
0.912271
0.712996
0.040068
3.418856
2.027005
0.239117
1.091396
1.326054
0.419912
1.311184
1.132797
0.470960
1.569750
0.864404
2.261730
2.096928
0.814901
0.024317
4.272396
0.547082
0.487291
0.876446
4.482543
2.145283
0.985070
0.622714
0.105776
0.841931
0.726349
2.079442
2.686554
2.953544
0.541546
1.307906
1.270567
1.044067
0.746614
5.777938
1.220059
1.355523
5.326173
0.076920
1.046195
1.767018
0.267940
0.153647
1.663131
0.073350
0.657937
0.045962
1.375609
0.033641
1.196939
0.787840
2.193904
1.706083
0.441934
0.800186
4.003912
0.096915
4.597738
2.627130
0.027842
2.995976
1.191779
1.139583
1.386539
3.746929
2.250788
3.823423
3.343401
0.660188
0.875341
0.816201
1.002381
0.800004
0.461866
0.375004
0.181450
0.096522
1.537134
1.262060
0.889765
2.119589
5.591611
2.714125
2.367744
0.371001
1.247467
0.470687
2.888170
1.042697
1.043416
1.057156
1.080995
0.612110
0.018148
1.658472
3.206281
1.793470
0.013289
0.739557
1.859820
2.586450
1.672280
0.679327
0.167623
3.705577
0.201803
1.882047
0.272458
2.026500
0.192135
0.244324
0.147510
4.237559
2.003539
3.164475
0.540078
2.021295
0.501450
2.511578
1.569750
1.611210
0.481104
0.147651
0.982214
1.676258
1.133012
0.778407
0.768223
1.381788
1.964753
0.208616
0.528829
3.059279
0.036277
2.812943
1.452440
0.063938
0.043951
0.661673
0.689613
1.438539
0.645846
1.297911
0.002810
9.496467
2.715074
0.901839
2.193870
0.581295
0.924349
0.347335
0.691440
2.153136
0.236021
0.202544
0.967812
1.946582
0.782803
3.361016
0.481693
1.392294
0.030505
1.985597
2.030605
0.323050
2.155488
0.614815
1.442792
0.709917
2.316560
0.079560
1.824085
0.062977
0.535480
5.433141
0.929780
1.458414
0.880045
2.981900
1.586950
1.599404
0.041308
0.019040
1.106622
1.666517
1.534441
0.681826
4.304171
2.695555
0.538404
0.752941
0.707099
0.463288
2.797806
0.459868
0.157732
0.127273
2.860844
0.236260
1.165431
1.594657
0.357235
0.554639
2.949366
1.954834
1.078900
0.319221
0.184215
1.335909
2.369079
0.262116
1.107502
0.565538
4.757164
0.219502
0.957583
0.539234
3.487125
1.202277
0.508986
4.249785
1.983424
0.513426
0.867759
2.021463
1.081607
1.780501
0.493320
0.756189
3.414477
1.221519
1.807140
0.208053
0.243141
0.748419
1.383126
0.043505
0.939304
1.141416
3.328194
2.662212
2.545722
2.864257
0.149882
0.106419
4.706447
1.291784
4.045462
0.376693
2.552272
0.186677
1.044067
0.044111
0.594663
0.541793
2.954172
0.079626
2.892266
2.188171
1.099131
0.256161
1.340601
0.813443
2.925769
0.125715
1.131054
0.393537
1.447583
0.526553
1.699695
1.790486
0.494189
0.470932
0.775420
0.750808
1.659645
2.095438
0.534444
2.363760
0.643439
1.197423
0.893959
1.167837
1.900431
0.303968
4.190380
0.759249
2.786062
1.278763
0.109898
0.641988
0.308694
1.098360
2.116948
7.068900
0.007228
2.730553
1.349765
5.816710
1.599676
0.759444
0.916513
5.673213
3.353821
1.845932
0.475978
4.629611
0.052405
4.146713
1.818320
0.767401
0.263283
0.783204
0.142148
2.904011
1.502812
4.227427
0.831153
3.179172
1.170896
0.211888
1.391803
0.248619
0.044047
3.630327
0.014014
1.427284
3.876983
3.567414
1.182776
0.078338
0.827324
1.924594
0.090290
0.362789
0.719304
4.427621
2.782869
0.161292
0.233474
1.428235
0.215748
0.530851
1.136672
1.399522
2.599506
0.149847
0.262047
1.332934
4.524894
0.483823
0.592363
0.277803
0.719078
0.693208
0.882350
1.160128
1.479093
1.326883
0.892624
0.227824
5.162388
0.380481
1.979172
0.955835
0.356091
0.223808
1.340951
0.038515
1.111296
0.197549
0.307935
2.789998
2.592472
0.333431
2.084091
2.641255
0.137760
0.062003
0.141269
0.192505
2.946547
1.285485
0.969983
2.260596
1.265850
0.206401
0.066102
1.163151
0.476322
0.230625
0.066070
0.422842
0.388235
4.972501
0.434178
1.178106
3.585840
0.655533
1.053520
0.621298
1.053036
1.909925
1.239814
0.068779
1.006531
2.726016
1.914399
2.176267
1.989521
1.496451
3.089658
0.038196
0.700106
1.424617
1.208410
1.135810
0.725589
1.057244
1.477069
0.058470
1.539123
0.661074
0.025677
1.606178
1.486672
1.958081
1.563071
2.252109
0.028894
2.854464
5.840338
0.534230
1.223324
0.866815
0.639114
1.089395
4.650105
0.110024
0.173668
0.125715
1.708248
0.075948
0.844058
2.188212
0.031621
2.822523
2.577973
0.041403
0.462943
2.951233
0.888765
1.431853
0.584849
0.476028
2.783605
1.275874
1.112317
2.324545
2.184569
1.072914
2.206524
0.020970
0.312065
1.342820
0.428354
1.190574
0.408305
0.327952
0.594148
0.383087
0.190962
0.171383
1.750693
1.781095
1.248227
2.302829
1.154013
1.049805
2.424575
1.502263
3.266621
2.474947
0.971030
0.623214
0.719778
0.600749
0.785308
1.452005
1.023565
1.920420
0.600359
0.524899
0.129320
1.053911
1.586897
0.043250
1.796921
0.090959
0.360764
0.946985
1.323719
0.615892
1.168275
2.700086
0.374338
1.144958
6.065321
0.087522
0.950877
0.270274
6.375735
0.554054
0.153378
6.392074
1.296542
0.087711
3.373506
1.439054
0.325413
0.883140
3.811896
0.927546
0.145249
1.331035
0.445707
0.629391
1.188629
0.778008
6.097240
0.942352
0.268539
2.156032
6.491444
0.413852
1.420024
0.784494
2.248184
0.747523
0.030257
0.060089
1.118181
0.463579
0.450565
1.433535
0.650488
0.640795
0.720558
0.110350
2.687003
2.063216
1.065358
0.412140
2.169705
4.438783
0.595033
0.015438
0.522283
1.671213
1.038103
0.079097
0.582278
2.312482
0.094407
0.129728
3.552390
0.288293
0.087589
1.059939
2.534420
7.627597
0.146626
0.180736
1.035607
0.071759
0.088122
0.068191
0.198256
2.649043
1.773674
0.033854
0.110398
3.697419
0.005011
2.576367
7.111184
3.052489
0.976931
2.414109
0.038323
1.247998
0.369293
4.745346
0.850752
1.018391
1.284788
0.953536
1.570687
0.619134
0.623316
3.766038
2.235056
1.133327
0.354219
0.283338
4.083656
0.522171
3.155380
0.917189
0.045132
2.488993
0.119789
0.161399
0.667715
0.528315
0.905252
1.383612
0.541651
0.025924
0.997968
1.441760
2.980829
4.780347
1.943167
1.672188
0.447600
0.890241
0.682402
0.706295
3.240847
1.574036
0.585507
1.552295
0.317069
4.820046
4.085473
1.033460
1.106410
0.071562
2.159078
0.437715
2.010926
0.084130
1.519407
0.183042
2.539340
0.107914
0.335392
2.533337
0.303952
1.077749
4.500054
2.193139
3.130992
1.795306
0.470573
0.074221
0.383924
1.268495
1.424617
0.459484
1.641628
2.269803
0.381061
2.178151
0.057081
1.116222
0.380945
0.222701
4.330067
0.276715
0.437482
0.870816
0.240203
0.240125
0.121674
0.680025
6.847329
0.027285
3.322722
0.267820
3.014421
4.859855
0.310999
0.235441
2.198293
1.106940
1.548555
0.623886
0.617188
0.097700
0.471225
2.264190
0.595813
1.000803
4.236543
0.706960
1.224985
0.621610
0.866285
0.588100
0.396639
1.884394
0.046857
0.053017
0.789636
8.185518
4.948443
0.259716
2.071417
0.053630
1.325106
0.455801
0.633615
2.748564
0.095045
1.333768
0.143911
0.124815
0.713370
0.627636
0.712443
3.829212
3.018824
0.495071
0.442029
0.826888
0.556500
2.250980
0.072054
0.327867
0.692842
2.107822
0.793822
0.893196
0.518320
1.012158
4.512036
1.440599
0.781336
0.460252
0.896514
2.418226
0.870714
0.058903
3.824249
2.215743
0.823892
0.092698
1.074164
1.873238
3.192380
0.309775
3.793101
4.098761
0.898835
0.743625
1.642101
6.093143
1.398082
0.191507
1.413208
1.937553
0.106317
1.314473
3.270317
0.194987
0.917222
4.012970
0.050373
1.111191
1.905537
5.483634
0.850038
0.104655
6.461883
1.908815
0.136186
2.635037
3.104590
0.226462
1.316364
0.048778
0.842285
1.326474
1.961170
1.478290
2.392842
4.699396
3.282625
2.759691
0.166108
0.595033
2.368753
1.321912
0.147227
0.410161
3.287041
0.283176
0.361465
1.460121
0.442811
0.847829
0.223617
2.018112
2.913157
1.516344
0.433755
0.455558
1.381545
0.315616
0.701236
0.144014
4.033502
1.069084
0.282042
0.603702
1.016956
1.133042
0.005570
0.300545
0.059700
0.267342
0.548335
2.112556
1.070953
0.915162
0.189687
1.652401
2.779940
0.293231
2.300107
4.121634
0.198554
1.001792
0.592381
0.044685
1.968343
3.274137
0.075043
0.205988
0.081344
5.797784
5.660758
0.606117
1.018138
0.115489
1.373438
1.209420
1.034387
0.477071
1.351444
0.657946
1.438282
5.575682
1.930887
0.579823
1.044500
0.313526
5.763726
4.519472
2.686554
0.486596
1.056416
0.234978
0.530621
2.896678
5.931816
0.748677
0.107234
1.327164
0.182053
1.307778
0.861889
1.200865
1.781437
0.168725
0.132207
0.832130
1.355166
0.299841
2.734740
0.688641
1.280847
2.293109
0.971756
0.690952
0.566432
6.762991
0.622631
1.163248
0.198256
0.248815
2.000150
0.787931
1.061734
0.367220
0.129042
2.047014
1.652660
0.503902
1.033889
1.983259
0.395247
0.164524
1.389471
3.039094
0.524747
2.305705
0.321221
1.542257
1.027948
1.037768
2.739178
0.343128
0.816960
3.893164
3.614272
1.919942
2.225326
4.317342
1.035513
0.968616
3.032132
0.842427
0.749476
0.301985
0.177177
0.435741
0.228308
0.788225
2.076550
7.035704
0.460175
0.049996
0.169393
1.860888
0.594259
5.603641
1.033159
2.177123
0.039306
0.961904
2.262154
2.504009
1.894722
0.756502
1.927525
0.781515
0.225642
0.925119
0.881665
0.861303
0.591774
0.834241
0.518166
2.416591
0.866473
2.087039
2.056513
1.035001
6.298830
1.840409
0.116745
0.634498
0.269617
0.112157
1.024238
1.370550
1.632954
0.547332
0.101533
0.116346
0.968937
0.828005
4.489443
0.163685
2.856350
0.898236
3.477524
2.892053
2.016940
0.312983
0.976525
0.033109
0.667544
0.737704
1.409006
0.144720
0.816477
0.883299
2.317143
6.504023
5.392015
0.141093
0.164920
0.843450
1.164421
0.231741
1.137887
3.781143
1.267459
3.721384
0.082174
0.956232
0.249050
0.308445
1.694365
2.188212
1.351803
0.241901
0.019196
0.159143
0.130849
2.567975
1.605874
0.078231
0.362560
4.299133
0.199913
8.523286
0.016055
0.493470
1.192684
0.505843
3.195997
0.683458
3.115572
2.341733
0.011541
0.835366
3.391057
0.227479
0.773951
1.898790
2.574702
0.636427
2.184387
5.164001
0.873591
3.152980
0.813099
1.393142
1.750254
5.567765
2.940584
0.474408
0.525211
0.072579
1.009663
3.163031
3.863419
0.101475
0.325329
0.172978
1.704651
2.696891
3.389395
1.164421
0.394871
0.367624
0.344361
1.182178
0.101813
1.766686
2.781642
1.574591
2.526849
1.115757
0.653955
0.645299
1.897434
1.325095
3.490453
4.224902
3.194188
0.110330
0.653786
2.858181
0.282609
0.308819
2.981431
5.427608
1.021099
3.304802
1.171452
0.863558
0.667419
1.470819
1.394876
0.223083
0.967250
3.835433
1.731017
1.046149
0.067636
2.841133
2.290693
0.053178
0.688360
4.746000
2.205191
0.437482
3.507116
0.321954
0.279698
2.033166
0.601907
0.119574
3.793508
0.559486
1.867709
0.656157
1.906564
4.872372
0.123486
6.614262
0.084462
0.163050
0.225642
2.915778
4.060745
0.221482
0.056453
0.387453
0.511534
9.858295
2.914729
1.007339
0.515097
0.939910
0.392200
1.677498
3.466640
0.686092
2.069495
0.445883
0.500241
1.806387
0.080948
5.312217
0.204115
0.157712
0.336759
0.309692
1.352523
0.995456
2.558185
2.335721
0.310482
0.279416
1.845932
0.019011
5.312217
1.628677
0.523355
1.923340
1.591814
3.084800
2.748805
2.072761
1.025398
0.010554
1.885334
1.374282
4.721269
0.823175
8.571481
0.621048
5.377594
1.136745
3.911632
0.045372
0.661725
4.716101
1.725080
4.238575
2.839113
0.925897
1.871128
1.268840
1.721757
1.693867
2.070182
0.647280
0.443801
2.089521
0.247143
0.217664
1.385562
0.890027
0.102368
2.423019
1.523330
1.225608
0.386526
0.073857
0.621781
3.350233
0.633325
1.496795
4.126913
0.562952
1.236688
0.884724
0.596750
0.035283
0.325582
0.321070
0.040958
0.849135
0.446699
0.004772
0.184526
0.805763
1.031727
0.205587
0.579932
0.423401
0.023267
2.047117
0.754630
1.243448
0.498726
0.207008
5.535436
2.480958
1.557611
1.499032
0.775750
0.886054
1.090027
0.182309
2.619200
2.480765
0.544997
0.513668
0.331049
0.692757
1.141894
0.110807
0.512480
0.380213
0.657122
0.861585
0.471274
2.046099
0.792396
1.395716
4.968105
0.042377
0.599414
2.299721
1.783030
6.854834
0.725910
0.942745
0.580987
2.953370
0.008441
1.672513
1.647000
4.784349
1.912951
0.491222
0.727672
1.688403
1.608523
0.260099
1.147358
0.085289
1.742070
0.744363
2.438781
3.024641
5.454491
3.759229
1.452944
1.441631
0.568378
0.019942
0.996159
0.795501
0.344654
5.907088
0.281976
0.178617
3.739732
0.867886
1.916597
0.294524
2.855525
4.044578
2.746876
2.304968
1.338649
0.468412
2.751944
0.832275
0.600176
4.196699
1.914813
0.077942
0.321533
0.419264
0.906500
2.648355
1.558808
0.413247
0.180047
0.113949
0.190435
1.136935
0.280501
0.358490
4.433214
1.052774
0.111490
0.945884
4.415371
2.599400
2.210943
1.618781
0.092464
1.988531
0.627023
0.625132
2.747599
2.513761
1.141850
0.340656
0.627194
3.159430
1.359979
1.214136
1.624273
0.579927
1.803978
1.131622
3.068033
0.180736
0.351260
0.888717
1.367100
0.010060
2.262740
0.164740
0.225779
1.425494
3.302973
0.465716
8.017293
1.023729
0.794623
0.638862
1.121173
1.874629
3.128365
0.595587
1.592626
0.988180
0.196207
1.880327
3.028799
1.412590
3.278534
1.333513
1.272316
0.457244
0.664479
1.873463
1.038447
0.185868
0.381955
2.422730
2.142679
0.042358
3.019449
0.641582
0.351136
1.349739
1.066599
0.006153
0.363520
1.372305
2.235262
0.041499
0.566076
0.507282
0.097684
0.945483
0.754632
0.121329
1.333397
1.050502
0.369646
0.912955
0.675962
1.330204
1.646672
2.337269
1.706229
0.048433
1.877048
2.362765
0.998315
3.469406
1.409500
0.360808
0.124330
0.299906
0.761319
0.062620
1.006297
1.704794
8.851892
0.221710
3.689681
0.110467
0.904474
1.925012
0.064897
1.338291
3.288146
2.145114
4.200824
0.034714
2.159437
1.206560
1.389841
1.433535
0.469515
4.123552
0.094541
5.127215
2.128769
1.724213
2.274631
4.779681
0.069997
1.734530
1.334600
1.476685
1.491169
1.160323
3.797579
2.017442
1.355647
0.165064
0.068544
0.479707
2.258059
0.796911
0.354318
2.529658
2.454135
0.077153
1.512639
4.311536
2.835566
3.025195
0.336545
4.148170
3.117199
0.074615
1.333530
3.252296
0.622047
0.361033
0.770199
1.027729
2.034924
0.284719
5.249713
0.683429
3.032132
0.408231
2.808555
0.580090
0.506731
0.302026
1.867553
1.907864
0.833117
2.689617
0.189255
1.393755
0.092497
1.525161
0.234669
3.468022
1.424744
0.359714
0.352524
1.006882
0.913868
5.657657
2.266854
2.175311
0.558419
0.705396
3.037421
0.236446
4.420857
0.601329
1.880215
1.128929
0.577374
0.252580
0.354089
8.218698
0.516506
2.641869
0.447157
0.117651
0.822714
2.267791
0.543383
1.495433
2.359341
5.159165
2.616487
3.685467
0.251166
0.535561
1.331272
0.435451
0.209718
1.005463
1.231342
0.000061
1.931452
0.758730
1.335790
0.355307
0.582783
2.647208
1.653836
0.227977
0.885104
0.139783
2.697818
4.437138
0.049772
0.062587
3.048620
1.553016
1.172768
0.270297
1.305201
3.697707
0.672151
1.343303
0.440223
6.523041
5.520911
0.045930
0.055304
3.666262
2.789998
3.277591
1.663292
1.674139
1.736434
0.128947
0.527599
0.097834
0.216984
1.755973
0.306654
0.410777
2.251948
0.177377
0.939070
1.532765
1.315269
0.062620
0.697797
0.813306
1.919623
0.014272
0.557939
0.072337
1.044240
0.015317
0.035378
4.746000
0.021724
2.400108
1.209215
0.521400
0.433613
0.942275
0.897112
0.912498
0.742502
4.227427
0.095649
0.326470
2.461847
0.416528
0.945491
0.287438
4.762440
9.673052
1.507073
3.743055
1.723866
1.790540
8.887929
1.882203
0.188010
0.084263
0.417917
0.498029
4.889185
1.423096
6.080579
1.135810
0.053049
1.089196
1.991007
1.982490
0.430057
2.419863
2.847599
0.439990
2.423550
1.871906
1.025429
0.041435
2.680503
0.032505
1.309422
1.467110
1.399937
0.011876
0.995557
2.982171
0.903813
3.049441
0.050253
2.381751
1.803527
0.051023
3.188769
7.931753
0.695163
0.739365
3.310470
1.091284
0.364912
2.361929
0.780203
0.730899
0.074714
0.534843
0.571299
1.749229
3.678897
0.891589
3.181968
0.067179
0.451715
0.415504
0.718553
0.960848
0.683973
1.852983
4.628993
9.524836
4.653854
1.673976
3.466986
0.130966
0.450661
0.005723
1.934661
0.542033
0.804562
0.861745
1.746450
0.503588
6.624287
2.228721
2.023309
0.205276
0.331771
1.989383
0.511324
0.325244
2.560048
1.101516
1.928888
1.540793
0.584990
3.625834
7.121897
0.182676
2.069723
2.551397
0.593677
0.413176
0.659716
0.397501
2.992320
1.231889
0.273980
1.555086
0.146873
0.101847
3.472175
2.430534
1.728840
0.526725
0.797193
1.783476
0.956550
0.382348
1.932093
1.353749
1.542400
5.559880
0.561517
0.201498
2.397677
0.154039
1.728264
1.422509
0.970789
0.687930
0.451331
0.439090
4.821406
1.092766
1.050590
0.265390
1.674958
0.286620
0.260864
1.369829
0.380428
10.582524
2.289186
0.394950
0.220074
0.376915
1.517586
1.253589
1.142563
0.348668
0.474997
0.743400
0.698201
0.825493
0.422097
7.488689
2.970816
0.139259
0.016732
0.265708
2.582457
0.901034
0.245210
6.637732
3.348604
0.294337
1.192724
2.690145
0.377004
1.786342
0.162426
0.480638
0.057564
4.039013
3.718866
3.068599
1.277120
0.899285
0.036463
0.665755
1.523853
3.892736
0.872129
0.910923
0.755522
2.086746
0.161579
0.991945
2.530869
5.593187
2.494934
0.774824
0.095954
0.294419
4.395793
0.609922
1.072212
1.383369
1.105349
0.799003
0.798639
1.632686
0.258213
0.036295
0.943921
0.161758
3.689124
3.201435
2.375295
2.354626
1.912781
0.251222
0.935618
2.235989
1.833895
5.052556
1.326474
0.429678
1.752149
0.312399
1.255575
0.122501
0.449081
0.608570
3.797172
0.417083
0.823543
0.633672
1.104642
0.624171
1.943028
3.533015
0.289311
1.599810
0.723280
1.627856
0.358987
2.998504
0.760426
0.000061
1.464467
2.644000
0.565861
0.397956
4.673967
0.053886
1.003546
0.417593
2.869952
2.386375
1.959274
5.991953
0.532532
0.232829
0.267900
0.718740
2.291297
1.361425
0.045247
0.713577
0.050248
0.617471
0.878942
0.817747
0.493798
0.062880
1.544621
0.940242
1.563204
0.408904
2.520569
1.105933
1.715857
0.416481
0.077711
1.752745
0.391118
1.639739
0.056767
0.668567
3.536589
0.169646
0.519827
0.325582
0.054111
0.181065
1.118928
1.342352
1.219160
0.090224
0.510154
3.569578
0.570115
0.710353
0.445263
0.291964
2.044418
0.417361
1.089922
0.091860
0.147587
0.370353
0.229128
0.878721
0.077810
1.012494
1.052599
3.807795
0.408965
0.279900
1.708248
2.329745
3.042164
0.143648
0.542333
1.801723
0.569838
6.883230
0.193245
1.089559
0.675400
4.780437
0.791101
0.449830
0.858770
0.080899
1.347249
0.665933
0.846896
4.360078
2.442484
0.450518
0.860085
0.882033
0.096287
0.026470
0.095186
0.280465
1.462094
1.817865
0.151443
0.195395
0.357835
1.905332
2.331974
0.570115
0.528570
1.345043
1.007339
2.425191
0.720215
0.380481
2.117124
1.748498
0.351115
0.460405
1.271445
0.557621
0.044623
0.577863
0.661078
1.182005
0.036961
1.113896
0.487390
5.995619
0.000580
2.963014
1.381059
0.677625
1.527125
1.554026
1.157576
4.968105
0.626467
0.334241
5.583631
1.385562
1.162272
0.058437
1.698220
0.056498
0.505316
0.513900
0.384866
1.320399
1.427157
2.416182
5.864608
7.048088
0.693330
0.031435
3.407087
0.310649
0.238226
0.791251
0.391480
1.814976
3.808205
0.109479
1.188068
0.982447
1.622074
2.230140
1.136780
0.634917
0.036463
3.871054
1.093082
0.013271
0.525296
0.980154
0.436301
0.472969
0.937199
0.550449
0.797328
1.687743
1.312008
4.709016
0.142817
1.522200
3.476536
0.969018
0.899886
0.205046
0.256792
1.084246
1.264288
0.201872
0.130314
1.601625
4.598346
2.216482
5.644272
2.083110
1.737474
1.616040
0.840568
1.273406
0.742694
2.565215
0.743015
0.152192
1.692871
3.863458
0.987115
1.144986
0.225847
1.211365
0.200491
1.526732
1.727685
2.676078
7.299242
0.172072
1.371872
0.410402
0.696817
0.952448
0.997968
0.549180
1.626749
0.146414
2.085318
2.818023
0.351179
0.457181
3.343726
0.853041
0.774559
1.517847
0.294029
2.090242
0.797532
6.252398
0.767171
0.191174
3.003329
0.695261
0.588919
1.458414
0.247446
1.632373
0.669505
1.017262
0.820351
0.033041
4.944824
0.327528
0.319430
0.039636
1.126808
0.677282
2.785816
2.266265
1.013755
1.463148
1.309148
1.870460
0.104113
1.025769
1.024481
1.177711
2.084495
3.583763
3.113834
0.474408
0.888542
3.832942
1.375609
0.746293
1.418799
4.302597
1.199718
0.568821
2.423550
3.490967
0.316411
0.160288
0.548366
0.985642
0.019289
1.133227
0.499235
1.752677
0.839385
0.886339
1.195706
0.402692
1.892492
0.621381
4.335393
0.838255
0.252737
0.121123
5.791147
0.016855
0.255727
0.396735
1.603074
0.080386
1.165008
0.353226
2.113714
1.103758
0.267621
2.034756
3.057026
0.863770
0.333082
2.398536
0.442552
7.468150
2.049327
0.235055
4.083656
0.899215
1.109065
0.715147
0.073104
1.677074
2.868095
1.139907
4.132206
1.086479
3.233455
2.363362
1.081099
0.659480
0.835093
2.438161
0.692598
1.521239
5.715298
2.625995
0.963978
0.303513
0.558045
0.290780
3.823528
1.266668
1.391066
0.248424
0.523664
0.856269
0.564813
0.583645
5.429451
0.763235
0.280385
0.006970
0.314487
0.105401
0.077348
3.374495
0.305624
2.673289
0.562320
1.812730
6.181353
0.500392
0.252537
1.576213
0.010060
1.037051
0.398820
0.304382
1.515502
1.468302
0.489678
0.152154
0.544837
1.636755
0.115935
0.663323
0.058149
0.189107
0.835436
1.281618
4.811908
0.324991
0.587866
0.282123
0.369823
0.053113
2.253981
0.941082
2.827285
0.215284
4.692371
1.200966
2.886777
0.273060
0.081662
1.550999
0.344796
0.475978
1.699790
0.336204
0.187473
1.719768
3.531317
0.932891
0.030753
2.307112
1.483792
0.936809
0.890336
0.030815
1.798066
0.306370
0.979609
0.057772
2.910034
0.366735
2.422115
0.046793
1.777097
1.746596
1.618232
1.676368
1.463067
2.723985
0.644414
0.033606
0.183924
1.511859
1.472093
2.046268
1.550279
3.538736
0.386616
1.553160
0.767368
0.048169
0.300788
0.829962
3.095961
5.119093
0.077914
3.824249
1.526264
0.346421
1.035411
2.563455
0.183335
3.389607
1.241403
0.459023
4.547883
1.031727
0.887956
1.174634
0.071169
1.193892
0.410621
0.254703
2.730314
0.450134
0.382422
2.083846
5.652276
0.551455
4.467619
0.788293
2.807872
2.125404
0.550079
3.881653
2.386173
1.583175
0.228245
5.353492
2.062978
0.619966
0.155224
3.168729
0.030867
0.699085
0.219025
0.331713
3.819346
0.724419
0.460817
0.782203
1.889459
2.049837
0.016989
3.955696
9.849874
0.269017
1.183174
0.313860
2.029211
0.102861
0.882255
1.250051
1.552564
0.094776
1.219272
0.413155
1.580751
1.111667
1.368672
0.000488
0.323803
2.128592
3.281626
0.200230
6.162648
1.191779
1.020929
0.012159
2.345548
0.290086
0.339712
0.190362
2.123467
2.541663
2.437748
1.106728
0.377761
0.354464
0.339436
0.708214
1.706083
0.957565
0.209369
0.544014
0.430965
0.499537
1.666033
0.073169
2.128989
0.315616
0.105518
0.734704
1.522284
1.597368
2.240124
0.764179
3.911201
1.747058
1.754505
1.041155
0.470492
1.250340
0.379945
0.317856
1.511905
0.212647
0.339884
4.883565
2.359386
0.753475
0.295727
1.493800
3.050282
0.358578
1.381423
1.527810
0.599352
0.011508
0.576070
1.900115
2.739418
2.773810
0.713681
0.918215
0.746808
0.784139
0.431874
0.298914
0.178690
2.219627
6.007889
1.221744
0.690709
2.134794
0.335968
1.487027
0.040258
1.864605
0.170406
1.735395
1.879546
2.552967
1.251513
1.422590
2.181660
0.493670
3.219364
0.558525
1.796172
2.070526
1.552727
0.027568
2.314035
0.027780
0.021354
0.137340
0.448986
2.596715
2.345929
0.084230
1.557351
0.712623
0.290983
3.111808
4.274981
1.579541
0.009606
4.003912
2.218887
3.429000
0.443040
0.168526
0.048041
3.531587
0.619340
2.061608
2.195822
2.245720
0.932225
2.600520
0.803716
0.749451
1.679198
4.124512
1.367430
1.254275
0.424842
2.033068
2.957115
2.358791
1.233645
0.082240
0.168995
0.130989
0.700929
0.743529
1.001135
0.431215
1.677357
1.310731
0.745392
4.312708
1.623823
1.039512
1.338887
0.943526
1.221070
0.121226
0.984498
2.315005
5.355267
1.618506
5.393261
0.924152
3.338450
0.473355
1.268610
0.021539
0.212119
0.475242
4.556566
1.517586
0.078008
1.683012
0.401952
3.112676
0.492627
0.337999
0.885199
1.533947
0.091285
0.199522
2.123871
1.429831
3.901733
0.849467
2.464487
0.519807
0.645340
0.441745
1.583309
0.601751
0.039401
0.332409
0.655310
0.493720
0.213932
0.919975
4.684735
0.053982
2.091256
0.101746
2.745189
3.622097
0.122777
1.331985
0.341128
0.339584
0.526760
0.443268
0.180078
0.142403
0.146944
0.748612
0.755280
0.351526
2.791476
0.335174
3.323687
0.299182
5.193201
0.118752
1.716196
0.699576
1.177709
1.535007
0.303265
0.722053
5.947279
0.111558
1.796771
0.684699
1.211570
0.085034
0.644751
1.199446
1.068285
0.309775
0.504579
4.575364
1.788246
4.300499
2.165916
1.077540
0.092116
1.731163
1.467110
0.570244
0.470052
0.323014
0.169754
3.005898
0.419189
0.513056
0.123675
2.026197
0.337123
1.135164
0.355960
0.791917
0.408080
0.333474
0.870452
1.364679
4.717035
3.243374
0.369690
1.237424
0.024154
1.864338
5.144724
0.511121
2.997684
0.623943
3.100117
0.789233
0.636436
1.044413
0.999275
1.469894
0.121639
0.113061
1.142607
0.724858
5.493126
0.076590
1.857949
0.079427
0.212685
0.214128
0.576748
0.392720
0.432061
0.218174
0.534751
1.214958
2.119589
0.216916
0.082671
3.271120
0.045004
2.143331
1.566080
0.149888
0.653772
1.658666
2.115717
5.136746
0.955280
0.785812
1.192584
1.453828
1.963179
2.038776
1.987541
1.138839
1.665871
0.603144
6.262158
0.170840
0.067375
0.177742
0.638804
0.076590
1.017668
0.516682
0.146838
1.497068
0.795820
0.242300
0.384014
0.048073
0.044047
2.041350
1.084981
1.183872
2.507938
0.363965
3.966754
0.725463
0.395917
0.863191
0.642916
2.054606
13.467292
0.192440
0.503196
0.283338
2.212415
2.081382
0.415695
1.020506
0.775288
1.347130
1.723524
1.309713
1.512736
3.396873
0.347155
4.045462
0.334669
0.789972
0.301283
0.057985
3.758030
0.514452
2.590688
0.786549
10.364544
0.746371
0.424314
1.562143
0.907941
1.643893
0.021500
1.612586
1.092449
1.268511
0.434830
1.874629
2.779191
0.542228
1.111298
0.805695
4.209318
1.219048
1.068373
0.452962
1.176391
1.179912
5.299222
0.481248
1.467905
3.712205
1.009140
1.744843
3.052528
0.437860
0.286760
0.516733
0.809588
2.447685
2.744708
2.499188
2.058424
1.617343
0.142148
0.158606
0.722567
0.286259
0.031717
1.721303
1.261831
0.302728
0.971702
0.557352
1.863354
2.729114
3.592818
2.361373
1.863748
2.316661
1.780798
0.505552
0.376115
0.880169
1.131149
2.516942
1.125396
0.613405
0.822641
1.597097
0.558912
0.236192
0.145990
1.393892
4.668920
0.237841
0.108560
0.814351
0.184289
1.140461
1.245662
0.012313
1.924570
0.446741
4.336460
0.343965
1.215267
0.708090
1.244814
5.404719
2.681638
4.495790
0.383969
1.590484
0.552356
3.555999
0.251499
0.050959
3.819299
1.285369
1.115877
1.441244
2.700420
2.105372
0.628509
2.060578
0.345013
3.245171
2.599176
1.461038
1.474016
1.430605
1.276464
1.433919
0.649390
0.513056
0.103809
1.120237
0.244987
0.544224
0.319216
3.230077
0.169393
1.327475
1.085214
0.009360
0.275790
0.727356
0.422277
2.248912
0.148571
1.814040
1.061822
0.779802
0.823727
2.951790
0.850068
0.781802
1.829131
2.301842
0.715671
0.869394
0.474593
1.342937
0.040545
4.841225
0.044248
0.843774
1.183075
0.928511
2.101354
1.116129
1.378740
0.722002
0.632695
0.533329
1.092103
0.583846
1.028458
0.176067
0.984416
0.407033
1.967317
1.318133
1.079539
0.015748
0.097876
0.133252
2.138267
1.302054
1.042075
0.067995
1.925688
9.517706
4.202320
3.964094
0.327466
3.244553
5.263277
1.604026
1.837530
1.901378
1.452657
2.651339
1.941416
1.556049
0.388280
0.225489
4.090722
1.181013
0.047209
0.012993
1.074521
1.103906
1.860408
1.875425
0.910923
0.102624
0.486199
3.269436
2.289724
2.265677
1.528513
2.849488
3.666190
0.186937
1.075952
2.111190
0.037942
0.325244
1.696652
1.517977
0.235518
1.305989
3.523752
0.829403
2.072629
3.695095
1.096204
5.955654
0.394056
4.371342
3.341778
1.710947
0.039076
2.544633
0.539398
3.999399
0.211742
0.464064
0.451140
0.118268
1.913571
0.014014
5.921181
0.156543
0.359279
1.610751
5.762637
0.676598
0.199447
2.267981
0.030018
0.218516
3.531317
0.655592
1.835513
0.594701
0.121571
0.992046
3.040928
1.536709
1.708519
1.521641
1.820803
1.764189
2.834526
0.562267
0.517245
3.573922
0.056724
0.114702
0.684336
2.201930
0.001710
0.793610
0.421074
1.736261
0.659893
3.018006
0.970466
0.176910
1.660765
3.743696
4.196341
1.310958
1.577247
2.283781
0.425688
3.128985
1.202387
1.055050
0.283171
0.741989
1.083950
0.530860
1.441244
3.112387
0.340666
0.496023
0.281765
0.220320
0.951957
0.092196
3.180968
0.905681
0.540833
1.249823
1.110555
0.379276
1.292339
0.395173
0.082439
2.937665
1.107594
0.131441
0.424540
3.427983
3.766038
1.427238
1.773135
6.469620
0.667003
0.835742
2.136925
7.182970
0.142359
0.564894
2.592026
2.965908
4.563374
1.185868
0.554745
2.389194
0.169987
1.781988
1.507624
1.465732
0.180955
0.526328
0.279237
0.896347
0.412051
2.133374
0.231625
0.832593
1.306956
0.864780
0.793205
1.050066
3.258512
0.850068
0.378162
3.597607
3.586206
1.130015
0.647571
1.169041
0.065262
0.254664
0.455365
0.113190
2.277809
5.384792
0.949663
1.158766
1.750840
0.997264
1.219160
0.824867
4.506218
3.371858
0.551455
0.632571
1.080078
0.450756
0.498632
0.349403
1.296192
2.052703
0.022748
2.371364
3.562149
2.744662
1.661745
0.599414
0.909766
0.939714
0.089816
5.291262
2.353223
0.076491
3.433072
0.441175
0.981449
0.436652
0.733120
0.706666
1.630502
1.496386
0.420702
0.423868
0.066145
1.143999
2.792709
1.937856
0.585287
6.182695
0.745392
0.996743
1.031574
0.747967
0.426654
2.984341
1.835666
0.368013
3.693546
0.403744
0.291556
2.111854
0.369999
0.421222
1.590035
0.438399
1.304076
0.920358
0.106860
0.081048
1.274950
0.099249
0.358184
0.732485
0.603647
10.177880
2.315588
1.601474
3.400726
0.555542
0.797911
1.760531
10.187806
1.875226
0.620021
1.073003
0.142254
5.661793
0.330029
4.832687
2.433748
2.336668
0.364975
0.510982
1.287019
0.092230
0.576748
0.690526
0.260428
0.077026
0.315323
1.106394
0.349057
4.324755
0.873810
4.638900
0.355873
0.278114
1.240382
1.000637
3.425613
1.572530
0.949663
4.802454
1.160031
2.817018
4.926822
0.113641
1.090027
1.783030
0.782870
0.035220
0.077851
4.236000
1.251762
0.747169
0.546440
0.287723
0.375582
0.967540
3.245722
0.533085
1.975213
0.825842
0.379187
3.360689
0.654065
2.424370
2.261861
4.182953
1.265964
0.325239
1.234150
0.308237
0.094776
0.169124
4.844248
0.526915
0.662435
0.488493
0.280852
1.046504
1.623723
2.446705
8.211277
0.720303
0.637360
1.975869
0.365107
2.665637
1.504982
1.409136
0.129403
7.457959
0.519346
1.885630
0.446789
0.380168
1.497068
0.448684
2.821522
3.888466
0.376515
3.412122
2.830897
1.064473
0.057370
1.405148
1.606026
0.582783
0.166108
3.516656
1.840217
0.865074
4.622656
2.470855
0.024194
0.257581
2.288574
0.494470
4.167201
0.113573
5.712111
0.019507
0.189550
0.642684
0.408690
0.127238
1.406766
0.795457
4.432654
0.194134
4.484266
0.215748
0.109615
1.853473
3.284880
0.636427
0.725033
0.176510
0.686820
3.438759
0.516324
0.331389
0.986297
3.122831
0.031249
5.444252
4.367110
1.001135
3.064839
0.759087
0.509443
1.102804
0.208904
0.082140
0.561731
0.338569
2.106247
1.260569
0.789017
0.335478
1.363843
4.777684
1.729528
0.715490
0.591774
3.653149
1.295121
2.633761
0.279237
2.580460
3.621842
0.805149
0.490520
1.095614
0.133574
0.256832
0.359277
1.923292
4.129799
4.448393
1.033117
1.943835
1.760100
0.282730
0.044685
0.826586
0.640018
1.464467
0.176643
0.662257
1.019191
0.130432
1.411011
0.193245
0.812618
5.344639
1.194498
2.253690
2.702815
5.392920
0.799003
1.771519
1.921217
1.410735
0.081346
1.776046
0.522996
1.704794
0.038453
0.682084
1.321085
4.207817
0.944784
0.049309
1.899326
1.008386
0.774311
2.425807
0.579986
1.648341
2.025040
0.606365
3.229156
0.644666
3.745284
0.298441
0.937822
0.079791
2.548121
3.587674
1.533592
0.202208
0.436727
0.111382
0.382313
1.744086
6.858597
0.978553
2.405993
0.017113
3.629952
3.782482
2.625995
3.328184
0.238497
2.699949
1.223531
0.163877
3.731524
0.856988
3.527154
0.661418
1.324522
0.991845
3.897015
2.281304
0.570547
2.726779
9.892339
0.148178
0.455606
2.829042
3.970719
2.615811
1.491555
0.802490
0.621838
0.008459
0.459367
2.043240
1.595199
0.277279
5.208067
0.476141
1.990346
0.047058
0.362955
0.668669
0.814614
3.857989
1.613440
1.976966
0.453655
0.195247
2.465923
6.676899
1.004513
1.479763
1.164993
1.325580
0.252462
0.772509
10.238186
0.282257
1.290230
2.062293
0.948481
3.777135
2.847599
0.055304
0.609508
0.185280
0.439895
0.570385
6.228893
0.022374
2.373935
0.559273
0.562628
1.314597
0.126061
0.731622
0.104113
6.692437
2.990049
5.752817
0.154822
0.853041
1.343872
1.334481
0.337443
1.162858
0.750453
1.832307
2.489417
2.583212
1.260191
0.320505
0.581395
0.662494
0.309360
0.614984
0.142922
3.962323
0.216695
0.657513
0.201398
2.769663
2.330995
0.054015
4.454044
0.579768
3.673910
0.836351
0.170261
3.118472
3.517010
8.846796
1.054524
0.744687
2.522751
0.300624
4.403196
3.455617
2.990321
2.119033
0.136081
1.843936
0.170912
0.111511
2.688446
1.302054
6.228893
0.252540
3.275148
1.565934
2.057506
3.327334
0.033296
8.648326
4.145258
0.313234
0.922735
1.730437
1.124456
0.218516
1.476819
1.349269
11.956734
4.584404
0.188812
2.916303
2.120646
0.053003
1.109721
1.104550
0.982458
1.389838
0.852964
0.282749
2.757751
2.231700
4.059351
1.982269
1.459070
3.706356
0.264157
0.353741
1.492578
0.377625
2.186540
2.406197
0.032799
3.004560
0.532930
1.913258
0.151665
0.295238
1.342825
2.557965
1.102381
3.802794
5.533493
0.035663
0.471812
0.501862
0.796787
0.704441
0.471518
0.090057
7.753173
3.909524
2.346323
1.676910
2.737565
1.558808
1.261487
0.382268
2.596226
0.508383
0.185170
0.187675
0.953726
0.223116
0.475193
0.635226
0.310001
1.456840
8.455194
0.364272
0.436395
0.295373
1.367191
7.174131
2.274441
2.446855
0.472196
3.051405
5.836946
0.119436
0.082616
1.421325
0.140321
0.120434
2.315005
1.545687
1.324751
5.040380
1.177821
0.156034
0.743464
4.869584
2.304051
1.028866
2.164474
1.322343
1.286467
2.415773
0.419038
1.384221
3.983233
0.520578
2.412745
4.446701
0.105842
0.140180
0.996743
2.050566
8.078731
0.154929
3.032688
2.929198
0.285211
0.304876
0.526812
7.029912
5.455425
0.517910
0.821183
1.053561
1.773377
0.388145
0.023823
0.227594
0.786817
0.700279
1.032647
0.949032
0.380525
0.033234
2.601416
3.028522
1.074521
0.250599
0.457104
0.986441
0.137200
0.224724
1.486800
0.131894
0.037396
0.274986
1.279921
0.292577
2.198446
0.442362
5.116152
0.925658
0.298276
3.723910
0.233319
2.214648
0.335862
0.853619
4.077083
0.579333
0.394355
1.213442
2.988144
0.637518
5.054848
0.682599
1.918985
1.713258
3.447732
0.696510
1.514955
0.764348
6.832404
0.565162
1.794973
1.615766
0.313068
0.710882
2.855525
3.746078
0.169682
0.060853
0.324864
0.501047
0.690343
0.748411
3.615016
0.345861
1.108746
0.495909
0.084197
1.242653
0.952841
0.136709
1.187965
2.717923
1.601020
4.455176
0.241057
0.869111
0.724682
0.251291
2.297602
2.626676
0.295648
0.844484
0.837126
1.406642
1.163737
2.156032
0.941180
0.789651
1.904697
0.662267
0.870962
0.410989
1.258686
1.286577
2.099261
0.010399
0.506755
0.573413
0.272091
1.905963
0.499588
3.369883
0.892036
0.804125
1.254290
2.399703
0.473085
3.519846
0.813443
0.055826
1.223656
4.305222
0.286127
2.001053
1.142276
3.406751
1.281195
1.620269
0.501904
7.189626
0.809322
2.665868
1.167509
2.295227
4.806221
0.021469
0.762777
1.200459
0.188412
5.469954
4.773190
2.667257
0.330242
2.170367
4.118282
1.311411
2.703726
0.085326
0.620872
0.246782
0.757100
3.126907
0.322870
0.505641
0.271577
0.131227
1.097667
0.407405
1.755146
0.220949
1.261483
0.831573
4.795089
1.452187
6.823132
0.097684
0.055512
1.447399
1.086136
0.718553
4.437699
0.503922
0.339726
0.374457
2.020122
3.369006
1.249139
3.285147
0.244558
2.457336
0.796275
0.276353
2.266464
1.261487
0.359801
0.383679
1.231760
0.535167
1.409886
0.505742
1.716711
0.709206
1.371336
0.480903
1.154421
0.280627
2.882229
0.572762
0.024029
0.015903
1.837960
0.222706
1.172274
1.006798
0.925350
2.846446
1.972130
0.546841
0.037023
1.659113
3.544833
0.842852
0.807119
0.119987
2.976030
1.933537
6.537424
0.970547
0.202283
2.190583
1.144958
1.816048
0.094738
2.198629
0.165964
0.227249
2.396188
0.045834
5.580646
1.270107
2.292027
3.591347
4.154493
0.999061
4.171619
0.471809
1.693701
1.852594
0.033104
0.498130
2.836590
0.627636
1.536314
5.059438
0.401688
1.598454
3.170217
0.366471
1.118368
1.024153
1.615959
0.067179
2.257386
0.025938
0.065744
0.234407
0.933389
0.737614
4.967373
0.775619
0.105605
0.391309
0.455494
1.514955
0.765398
2.740859
0.409931
0.128348
1.497477
0.615477
1.298805
1.885647
0.710440
0.483667
0.913259
0.830465
1.146109
2.939256
0.183225
0.188077
1.311420
2.033237
0.224801
0.447409
0.639903
0.644751
6.177330
1.489866
0.325244
0.647279
0.644601
3.821772
0.439421
0.413477
0.683802
0.360521
0.944504
0.922275
0.617132
3.984576
6.790104
0.911404
0.041878
0.865581
3.539811
0.385676
1.521921
1.207478
0.278972
0.671233
1.456355
0.029420
2.659591
1.456608
1.475792
1.613505
0.720390
0.576830
1.574304
0.099181
0.178845
4.335751
0.206940
0.929593
0.374205
1.088554
0.152047
3.207191
1.185169
3.865144
0.147510
0.575690
0.460479
8.903574
1.344856
0.661725
0.019942
0.198889
0.428541
0.473280
0.465424
5.150327
1.587643
2.311319
0.135402
2.294140
1.027336
0.286197
4.572960
0.111660
0.175630
0.005662
1.196828
0.964444
3.216314
2.555322
0.161037
0.981150
1.229291
4.875747
0.333303
1.075326
1.405770
0.833055
0.628166
0.641814
0.470651
0.021169
0.039973
1.422969
0.065059
0.275629
5.199011
3.136841
1.209527
0.252745
0.565807
0.038767
3.882495
1.864450
1.358052
0.461108
1.984247
5.758287
0.345214
1.054261
0.097767
1.111085
0.598446
1.236058
0.589130
0.812136
1.155400
2.201930
0.225909
0.845550
0.275911
2.180026
2.832309
0.422004
1.632678
5.649409
0.209143
2.190948
0.303100
0.739203
1.170136
2.209630
0.077810
8.887929
4.482543
3.436860
3.411450
3.444654
0.322291
1.860800
0.030773
3.996245
4.844248
0.274464
3.304634
0.433378
1.610598
1.612433
3.106915
0.072084
2.025272
0.982703
0.192986
2.307419
0.234168
0.187192
1.370069
0.587690
0.672189
0.742823
0.270377
0.214158
0.241018
0.124395
1.547530
1.150728
0.665926
1.254275
0.113436
1.611663
2.604859
0.154466
1.760678
1.538947
0.020922
8.648326
3.207798
1.519826
2.585567
0.768683
0.136675
0.539555
2.048477
1.401612
0.580661
0.051875
0.150875
2.250980
0.637686
2.619426
0.519352
0.421071
0.235055
1.078282
2.537023
0.210046
2.029211
1.560688
3.089658
1.887644
0.192910
0.341607
4.752560
1.493392
0.946365
0.593817
0.352643
1.558221
4.123552
6.701121
5.105934
0.153707
1.390944
3.396873
2.403250
1.214136
6.115340
0.958944
1.974394
0.785611
0.739733
2.268328
0.373353
0.766711
0.037213
1.113107
1.047740
0.412786
1.879702
5.996843
0.782336
0.904773
0.009790
2.576914
0.091669
0.389084
0.786483
2.094198
6.413063
0.316453
3.143884
0.922506
1.789889
0.253602
0.256696
0.825756
1.654055
0.250343
0.604878
1.651127
0.283621
3.275148
1.485902
3.056463
1.724791
2.720271
0.078536
1.240163
0.264555
0.138932
3.278534
0.388775
0.421297
1.426649
0.863987
1.877418
1.094470
0.664989
3.790662
1.848852
0.540707
0.809939
1.094015
6.529420
1.139367
0.704615
0.062049
1.160031
8.983692
0.814408
2.147970
1.047540
0.155752
0.954962
0.092464
5.029786
0.242145
0.299676
0.406434
0.258885
2.065376
0.573955
0.003240
1.662004
2.018587
0.335008
0.092563
0.959413
1.806537
0.753204
2.045597
2.367124
0.051120
0.613320
0.103639
0.467795
1.055927
0.218208
1.497750
2.191130
0.079824
2.461847
0.136395
1.369829
2.325911
1.166771
1.112224
0.406396
0.423961
2.144501
2.539194
0.436120
0.899961
0.015256
0.565379
3.417171
0.239504
1.159058
0.295656
1.965406
0.173595
3.810254
3.299711
1.665672
4.074273
1.473240
0.222854
0.159516
5.839207
3.075358
0.331713
0.561838
0.484367
0.377993
0.163553
1.159101
0.350387
4.052394
0.584794
0.813788
1.320627
1.136459
0.773037
0.401916
1.518760
1.834277
0.166469
0.290698
0.455798
0.478078
0.091661
6.723878
0.204976
1.153819
0.870744
1.961442
0.990943
5.978567
0.859220
0.066776
0.728177
1.075415
1.213330
1.003713
0.346119
2.952374
1.241007
0.851038
0.147061
0.414401
0.151665
1.919782
1.024919
0.041317
7.352685
3.794321
1.058695
0.683792
1.592490
1.446015
6.709843
0.946513
0.989083
0.516269
13.416657
3.346218
1.887999
1.678769
0.985642
2.231513
0.819126
0.089816
0.138212
0.752944
0.648796
1.127105
2.393431
1.521892
0.685005
0.667776
0.681497
1.548842
2.632813
0.044972
1.793653
1.514677
3.203522
1.269070
1.144095
0.033767
0.442735
1.428734
0.322082
0.283382
4.751761
1.402596
0.554957
0.272651
1.695861
3.523009
0.096018
0.748854
0.179579
1.719304
1.589287
0.469711
1.448154
0.646580
0.385000
5.186729
2.044653
0.024373
0.006706
1.016348
0.187004
4.032585
1.707086
0.402235
1.495569
0.522943
0.349057
0.014695
0.152719
1.032774
1.622349
0.736684
2.406292
0.489031
1.574443
0.228651
1.925369
3.742506
3.205372
4.916569
2.708752
1.822263
1.041258
1.413951
0.451667
5.149526
0.790510
0.976039
2.734270
0.745585
2.308026
3.897872
0.756769
0.954407
1.968343
0.790981
0.365635
0.476470
1.209420
0.693025
2.537023
3.422908
0.784856
0.055826
1.913894
3.424601
5.203122
0.837504
5.485529
1.285137
0.606861
0.410161
1.331035
0.854403
0.205655
1.330622
0.381151
0.558739
0.621214
0.980016
0.627137
3.584007
0.219979
0.863088
0.082505
0.764447
0.585235
3.213573
4.770379
1.842555
3.843340
0.102175
0.394950
1.163464
0.197688
1.017769
1.845806
3.638968
0.163697
2.898543
0.418737
2.008925
0.682221
0.628624
1.904512
1.281426
1.700362
0.464890
0.187008
0.154609
4.082245
0.558259
5.817828
0.341557
0.835556
0.827237
1.604162
1.403088
0.248698
3.292242
0.576884
3.149771
0.450901
1.290230
8.317766
0.533189
0.005929
2.147633
1.718746
0.094173
0.697768
1.676584
0.353697
1.854861
0.010677
0.006429
1.011067
1.429576
0.064821
0.511770
0.495049
2.571829
0.280183
0.062049
0.880738
2.658245
3.602621
1.139030
0.514535
0.227939
3.114993
1.054244
0.294255
0.184766
2.390606
0.178511
0.510746
0.151230
2.340807
0.519669
0.334326
0.757215
1.147550
0.546225
2.295293
0.180809
3.471482
0.081975
5.936561
1.034182
0.388565
1.873774
0.298441
0.390712
3.013870
5.347290
0.199112
0.719429
0.154037
0.490027
1.614271
5.835816
1.290563
0.013271
0.242184
1.181123
1.567689
0.426881
1.024889
1.495419
0.694138
2.301649
1.250963
1.861197
0.152367
0.049497
0.610005
0.906285
1.186860
0.366163
0.503922
4.070999
0.233050
0.399684
1.743092
1.818017
0.895582
0.136011
1.024685
1.247999
0.250774
2.047014
0.540812
1.426267
0.343061
0.158141
2.255499
3.686208
0.571411
1.861197
0.847400
3.737914
1.203056
5.448448
0.200790
1.610843
5.792038
1.638624
0.613687
2.250604
4.521964
1.677400
0.178244
0.265459
1.754263
2.409859
4.215123
1.199953
0.958156
0.249147
0.692598
2.670113
0.677162
3.384416
1.097937
0.191987
0.287235
2.291451
1.369519
0.075273
0.083334
0.977067
0.330964
0.500141
0.363526
1.065754
1.049184
0.573412
0.078635
1.235508
0.210498
1.149090
2.291259
0.500450
0.979122
2.017275
0.267900
1.514981
2.884035
0.665074
1.295232
4.583800
0.615041
1.404402
0.617471
0.524179
1.327475
0.496691
4.023894
5.035916
0.031717
0.438995
2.258329
0.199778
0.859941
0.404192
0.673804
2.302807
0.291133
0.336845
1.215781
2.185843
4.180977
1.015638
1.714331
1.062351
0.128383
0.460624
0.142958
0.284578
1.243332
0.700560
3.085371
3.526116
1.436868
0.324526
0.456951
0.808765
2.987872
0.552940
4.686006
6.146754
0.301396
1.044754
1.128976
1.570326
0.003054
0.285975
0.158999
0.115128
0.712747
1.406517
2.453713
1.865691
0.576558
0.105469
3.465604
2.657092
0.399491
1.573265
1.282718
0.757393
0.132625
0.031187
0.596750
0.801553
0.991845
0.416250
0.354959
1.493528
6.630998
3.413131
1.968833
2.745612
0.395098
1.174085
0.062930
0.038640
0.918368
10.631607
2.450944
0.325033
0.305706
0.285244
0.530436
0.250735
0.349793
0.839455
1.222805
1.767313
2.448469
4.120676
1.219700
0.987040
3.183066
3.593702
0.110296
0.645823
3.518073
0.337443
1.717386
0.548071
0.495596
2.666594
3.189972
1.675116
0.013534
0.405462
0.211780
4.474522
5.041898
0.790195
2.648748
0.907797
0.991301
3.893591
1.033374
5.836946
0.915355
0.169855
3.946737
3.570136
5.190815
0.157600
0.328926
0.181577
0.046621
0.059092
2.043214
1.039615
0.056692
3.138092
0.423868
1.223882
0.239349
3.121668
2.278441
6.317422
3.900433
1.846000
0.227488
5.016247
0.002842
1.040950
1.784341
2.864257
0.826955
0.382570
1.311864
2.508366
0.077315
1.087502
2.170427
1.805935
0.391480
0.460527
0.326819
6.216560
1.827887
0.829818
0.588306
0.959732
1.621250
2.361969
2.995366
0.839879
0.241419
5.217163
0.078485
0.278810
6.234399
0.294029
0.528076
0.191728
1.006430
3.945137
1.430979
0.019600
0.981155
0.686295
0.687669
3.309634
0.820413
3.952610
0.306121
1.374488
2.522320
0.247368
0.728177
0.839243
3.422908
1.633921
1.046298
0.230293
0.745396
0.411403
0.235905
2.798808
0.896514
0.460189
0.293393
0.088094
0.345386
0.334113
0.725022
0.500685
0.306939
0.466397
0.437671
0.126996
0.249324
3.200225
0.629559
1.976853
1.703936
0.206588
3.208709
2.172054
0.236948
0.898685
0.168526
0.377538
1.304025
3.656743
2.482955
0.951957
1.632998
0.526090
0.451589
0.591133
3.403402
2.080864
2.674683
0.522441
1.872046
0.001832
0.526915
0.127967
3.105166
0.090691
1.391803
0.369293
0.885579
3.110941
2.081641
0.154751
1.221459
1.122298
1.521781
2.503025
0.534907
3.147993
0.043696
0.005386
4.122593
1.815164
1.972130
0.553099
0.018574
0.244363
1.394735
1.217739
1.234263
3.114124
0.111217
0.194579
3.711347
0.701421
4.003009
1.127534
0.475536
1.045268
0.892408
0.409517
1.464467
1.928365
1.019067
1.179801
0.164488
0.109955
0.510982
1.489595
0.569198
0.652855
0.110058
3.021326
1.587345
2.449138
0.991712
2.734861
0.570601
2.019284
0.206138
6.964954
2.346126
0.394282
0.003454
1.414144
1.542376
1.428609
0.404657
0.482890
1.223656
0.271938
0.020059
1.192281
1.158960
0.182051
0.490475
3.510676
3.577060
2.812287
1.032860
0.629826
4.201322
0.024248
0.628052
6.574656
1.563204
0.211616
0.232623
0.824741
0.073984
0.799640
1.776736
0.270497
0.195692
0.336460
1.189872
0.840475
2.203531
0.270137
1.445897
0.063749
0.073432
4.145304
1.047018
0.504074
3.695482
0.162228
0.592712
2.113609
0.369018
0.521194
0.104618
4.936883
1.913778
0.349297
3.548068
0.430980
4.773032
0.191544
2.354032
1.207172
0.364316
2.045589
0.717176
0.214158
0.192910
0.441745
2.914526
3.306714
2.199394
0.510358
0.944313
5.697303
2.877850
0.797464
1.038792
1.105561
0.634535
5.029786
2.064519
5.264126
0.163883
0.411265
3.219425
1.352922
6.764787
0.167443
0.506451
2.579582
0.207790
1.745427
0.612159
3.572320
0.507832
1.055071
1.637853
0.044810
0.217528
0.194255
0.017424
0.747323
2.240124
0.487402
1.736087
1.415065
1.728698
0.826401
1.021438
0.666266
0.357879
0.452431
0.361947
1.319028
4.089109
0.792733
0.971802
0.143124
0.788202
3.593702
4.058886
10.759856
0.193504
1.301333
0.240940
0.523472
0.644582
7.825145
3.104301
0.528881
0.479768
1.378740
2.240849
0.922312
2.857114
1.032034
1.922713
3.094240
0.130575
0.294787
2.932105
0.496769
1.678486
0.039760
0.583519
0.696326
3.240538
1.066067
1.827043
0.735983
1.548456
0.085625
1.178151
0.937860
0.183885
1.455217
0.565270
4.463120
0.582606
0.213592
0.073034
0.785276
1.812118
0.587262
0.197512
1.241007
3.752842
0.194913
1.056278
0.838989
0.606034
2.437129
2.232259
4.048069
0.003546
6.571391
3.407757
0.373942
3.108280
0.107234
0.410207
0.497552
1.248636
0.597194
1.762054
0.464404
3.184176
1.913571
0.364360
0.764089
0.229166
0.984542
0.980016
0.113778
2.493611
0.616170
0.352438
1.102593
0.021169
0.294337
2.219442
0.533488
1.266560
0.891292
0.670398
1.710609
3.665499
0.262464
1.741819
0.192431
0.450469
5.787836
0.990743
3.121086
0.608234
1.562005
0.247368
3.193585
3.699747
0.299481
2.571167
0.699208
0.793272
0.529451
0.280711
0.338085
0.031311
0.855479
0.687757
2.129759
0.938602
3.842507
3.921148
0.022436
0.650959
0.380034
3.874864
0.650140
3.319831
0.194524
0.915162
1.197939
1.174304
6.639419
0.030815
0.435734
4.143803
0.789198
0.768028
6.581203
0.955359
1.514720
0.077876
2.939598
3.047334
0.918980
1.992494
1.459201
0.124265
0.383029
5.172899
3.123421
1.382757
1.170207
1.108981
2.916565
0.182319
3.097971
4.894821
0.463789
0.314210
3.308799
6.910102
0.567044
0.254616
1.154530
1.287572
0.761404
0.857132
0.312608
0.796911
2.266084
0.846972
1.148512
0.285365
1.043893
1.027846
1.612280
2.409655
2.657323
2.555993
1.270140
0.619737
0.043312
0.079247
7.837396
0.055627
0.030678
1.778866
0.524747
0.712705
1.402787
1.730872
0.792280
0.595731
0.117781
1.655113
0.320648
0.756319
1.204170
2.204501
0.409609
2.989283
0.292454
0.704318
1.381059
1.000222
0.109172
0.474947
0.865721
1.074508
4.162304
0.370193
0.366955
1.097301
6.010352
0.089322
0.582770
0.620645
2.049854
1.507444
0.172714
0.333298
0.458063
0.841497
0.322165
0.347112
1.424110
0.565968
0.929780
2.968875
2.650880
2.839113
5.455565
0.483028
1.387027
2.496847
0.482582
0.122605
0.373540
1.992064
0.200048
0.871186
0.467176
0.075668
0.236123
3.232840
0.123502
5.609716
0.688016
3.744490
1.904307
6.107563
0.484445
0.240524
3.171111
0.374457
0.511222
0.513515
1.287343
0.526295
2.197194
9.612441
1.394245
3.078668
0.482036
0.400594
1.303176
8.962011
2.690788
0.180982
2.946168
0.833518
0.936495
0.888765
2.463052
1.847776
1.082237
1.993982
0.993750
1.982601
0.281314
1.069084
0.061293
1.036231
2.474217
0.382581
0.671468
0.694915
1.576656
1.051041
2.036782
1.078641
7.697977
0.190916
0.475438
3.971195
1.225683
9.604993
1.380573
0.987115
1.282006
0.569576
0.651544
3.142414
0.029735
2.401121
1.156726
0.560929
8.510341
0.542648
0.324377
0.832870
1.471329
3.728282
3.478512
2.643584
7.081491
0.520834
1.761856
1.174414
0.095186
1.024153
0.207489
1.854244
0.545645
0.709888
1.333173
0.895841
2.372335
0.071988
4.102080
1.103334
2.679571
0.792463
5.424848
1.204522
1.032238
1.425886
0.463288
1.279202
0.953536
5.272629
0.306079
4.497310
3.600559
1.982490
1.303738
0.148178
2.334145
0.725904
5.780133
3.862195
0.289678
5.159970
0.811518
0.354027
0.680532
0.711192
1.194054
1.380452
0.989241
1.444732
2.379571
1.119583
0.208842
0.754454
0.143204
0.048233
0.411403
0.426435
0.339870
0.162691
0.860157
0.550767
0.225095
2.674973
0.517091
2.156026
2.031070
4.187406
4.823447
0.676769
0.232486
0.598446
0.000183
1.758471
1.138553
1.400803
3.789207
0.209971
0.494921
1.161499
1.434102
1.501441
0.365718
0.187486
3.847557
0.264414
0.858643
0.757928
0.381019
1.542508
2.600072
4.316285
1.028050
2.203766
1.601986
0.024999
2.893367
2.332953
0.598914
2.206576
4.547300
3.896587
0.799731
4.366027
0.485008
1.192281
10.453447
0.708699
0.327466
0.065483
5.381190
0.321744
1.493873
0.740971
0.618263
0.237142
2.878879
2.000601
0.602567
1.337338
2.800864
2.375952
0.629308
1.806085
0.126684
5.176957
3.531317
1.972921
2.242908
2.301304
0.035030
0.338713
0.311274
2.010123
0.433896
0.641640
5.448448
1.851233
1.145635
0.487869
3.158339
0.312211
0.440984
0.445835
1.022140
0.064701
0.210531
1.777975
2.378941
2.598274
2.298373
0.047145
1.086766
1.517847
0.633500
0.598970
0.595238
6.362465
0.272258
1.811514
0.369955
1.366114
1.141990
0.247524
5.207242
0.600359
0.553470
0.574795
2.605685
1.796322
0.579169
0.558205
0.409653
5.857389
3.328194
0.718379
0.917527
0.271097
2.245010
1.829105
0.563874
0.434072
3.705966
7.234572
0.012437
8.857000
1.430605
0.260864
3.748065
0.065641
1.298246
0.679510
0.068877
0.384270
6.006659
0.267760
0.324104
0.581314
0.352090
2.963541
2.917352
0.024717
5.654560
0.868545
0.110194
1.319668
4.477383
0.234052
0.197419
0.766185
0.334813
0.075884
0.131685
0.063920
0.272539
2.783360
4.154981
0.433707
0.083964
3.024364
0.536993
2.407308
0.741236
0.824310
1.087565
1.023644
2.339197
0.542700
0.254034
1.045783
0.242339
1.618420
0.945177
3.335016
0.470297
4.811908
1.775294
0.623297
0.143648
1.164421
0.853806
0.170876
1.173260
0.440223
1.113959
1.071377
2.018128
0.451092
3.770456
0.222549
0.903813
0.096926
10.158175
1.931940
0.891098
2.968661
0.378696
0.098541
0.213042
0.312711
0.379247
0.809665
2.636315
0.781802
0.102175
2.684237
2.268360
1.469546
0.309003
0.377405
1.237320
1.876022
0.397093
1.630969
1.682969
4.163282
1.371578
2.055458
0.514768
0.687069
0.641804
1.868330
0.046729
0.262212
0.234338
1.996796
2.768930
1.519268
1.347741
8.446843
1.848852
1.883621
0.053505
1.797513
1.153239
0.515352
0.191691
0.381314
0.336460
0.109649
0.387830
0.146732
2.359188
0.693102
1.392530
2.265705
0.408323
0.454548
4.229691
1.002381
0.759890
1.454459
10.773145
0.326891
0.374383
3.994895
1.585555
1.397434
1.915642
5.704693
0.167912
0.619550
3.533404
0.851968
0.420469
4.304171
0.525931
0.122260
0.860590
1.808496
0.285282
0.167198
0.156355
1.377423
4.343945
0.143275
1.806207
1.304611
0.830943
0.620758
0.049996
1.495160
2.002934
1.482825
0.435074
2.373000
3.780938
0.356578
0.860229
0.529428
0.781402
0.121260
0.321912
0.982546
0.306784
4.020702
0.836140
3.690840
3.396386
4.859162
0.860364
1.769905
2.131602
0.460914
2.228438
1.084672
1.093104
7.463048
3.189671
1.052590
0.374205
0.619453
0.832685
6.399545
0.191913
0.347544
0.208729
1.200385
1.841371
1.597094
0.663797
0.176777
0.424012
2.124350
0.384104
0.359277
0.044972
1.473084
1.650012
0.854929
0.420695
1.491941
0.174911
0.227134
1.556338
0.992146
0.841404
4.464826
0.164776
5.263277
0.434414
0.185464
4.398787
0.344216
0.030505
0.848754
1.159864
0.739910
1.858057
3.938566
7.373369
5.524774
0.050253
1.728840
1.115384
1.089501
0.002536
0.613518
0.926479
1.786706
0.082638
1.552299
1.819532
0.418587
2.050328
1.561605
6.953072
0.067701
3.004801
3.072718
3.520943
0.908403
6.910102
6.461883
0.111865
1.873635
2.594928
1.397802
1.113852
1.610024
0.176103
1.239214
1.142823
0.289393
0.353741
1.237740
0.888813
2.928670
1.565072
1.658152
1.634875
0.101070
1.483081
0.116616
3.103437
2.008592
0.362560
0.188923
0.140531
1.673326
3.634478
1.956032
0.278810
0.188345
1.893497
0.661606
0.637182
0.388055
1.987212
0.151266
2.007759
0.707409
0.658831
0.080485
4.769716
4.830949
2.864002
1.429357
0.264344
0.816339
1.068373
3.278848
1.046401
0.112753
1.604051
0.037720
0.019997
0.097363
1.284556
5.048743
1.240268
1.604979
0.474516
0.128973
0.900711
0.014695
1.386172
2.830379
0.447844
2.108925
0.475536
0.934449
0.118882
0.167406
2.094211
1.541980
1.727105
1.759059
0.631145
1.339841
0.416019
0.313353
1.643476
1.017871
2.680970
2.395853
0.370397
0.127342
0.010985
0.354437
3.595925
0.236192
2.062122
2.431563
0.314194
1.405272
0.312425
0.650783
0.429291
0.066461
0.445784
0.749032
0.271812
1.783923
0.440071
7.504233
0.005562
0.365205
0.283523
1.174634
5.904749
1.043211
4.264144
0.980054
7.100529
0.040354
3.909045
0.098069
3.212579
0.585178
0.039846
1.319904
4.447829
0.850538
0.453731
0.207752
1.117478
0.319221
1.464335
0.185664
4.176046
6.449566
0.168725
2.498425
1.509910
1.138649
0.104746
3.138092
0.973886
0.780536
1.406143
0.344216
0.261062
1.505111
0.255794
2.057165
0.112172
2.273870
0.397683
0.840303
0.334236
2.076550
1.848128
0.953726
1.734184
0.995173
1.662326
1.102804
0.627137
2.345337
1.833895
6.110152
0.353610
0.552940
0.167803
1.345813
1.352568
0.062427
0.123606
0.860157
0.299410
1.341185
0.283523
2.270394
1.852983
0.965405
5.300085
1.459726
1.144191
2.929990
0.466716
0.015655
1.590784
2.018128
2.211865
0.247524
3.922883
0.233309
0.537150
0.807759
2.171512
0.733692
1.312998
1.134654
0.169257
1.974886
0.262767
0.780884
0.537359
0.758793
0.992948
3.426967
0.222297
0.809771
0.596805
0.400366
3.402398
5.663865
1.146782
0.128383
4.916098
0.300995
0.060737
0.569360
0.344008
1.367191
0.621464
2.660552
1.789142
0.825940
0.123537
0.404611
1.593483
1.492578
0.377583
0.466494
0.428317
0.314069
0.970789
0.239698
1.228210
1.694942
0.468832
0.366964
1.965732
1.026418
0.996059
1.975869
1.145438
0.597623
0.580906
1.634059
0.737066
1.849468
2.831414
0.460527
1.564805
0.542595
4.316285
0.175085
0.117547
0.304308
0.427184
0.423495
0.321365
3.511698
0.240435
1.030975
0.209650
0.803239
0.291133
1.211651
0.314821
0.078866
0.065125
0.923580
0.782002
1.468528
0.316139
0.615888
0.626737
3.596500
0.023329
1.153986
1.271554
1.387883
1.072525
4.009795
6.222032
0.747839
0.313651
0.257147
0.020490
1.862764
0.046569
1.558801
0.686456
0.125992
1.604843
0.910069
1.461962
0.194097
0.176243
3.688523
0.299388
0.776829
6.238538
0.936576
0.219731
2.898023
0.505590
11.253046
1.197827
1.135272
1.795306
0.963484
0.511218
0.330344
1.559607
1.261372
0.568390
0.464713
1.107040
0.182090
0.958846
0.643992
2.072933
0.881444
0.257252
2.645145
6.057736
3.699359
1.095474
0.841962
0.652771
1.110369
0.793187
0.370751
0.051859
0.361691
0.565324
1.247467
0.800004
4.755848
0.525262
0.382939
0.096657
0.608234
0.591789
1.427284
2.127963
0.250264
0.480261
0.209921
1.790905
1.245344
3.372188
2.845939
0.086191
0.166974
1.608919
3.535873
0.768815
0.666230
2.842144
2.811291
0.057458
2.658706
1.990677
0.496173
3.732618
1.416910
0.886689
1.156379
0.995008
0.449895
0.270134
0.291841
2.153337
3.296219
1.502005
0.050498
0.680954
1.112038
1.214650
0.418845
0.017102
0.101205
0.516886
0.260099
1.574443
0.533449
3.358724
5.035832
5.294909
0.292192
0.721123
1.889412
0.312069
0.402235
3.452528
1.212322
0.825479
0.456858
1.416551
0.734519
0.662020
0.032001
4.251830
1.393020
4.779681
0.032127
0.298811
2.284380
5.655592
1.978951
1.625838
1.705081
5.744214
0.052534
2.688446
1.172471
2.487934
1.535432
5.655592
0.035096
0.291555
4.580783
2.284081
1.903907
2.772101
0.291596
0.058308
2.195822
0.027536
1.290482
1.519542
0.033041
1.720458
0.088555
0.448455
3.515240
1.246511
8.417887
0.178545
1.776917
0.331942
0.826125
1.763329
5.397450
2.171437
1.657191
4.895527
0.343190
0.642561
0.207489
0.618490
2.026837
0.140005
0.963583
0.950877
3.335016
0.245689
1.587494
8.924627
1.746158
2.411383
0.136905
0.701052
0.802898
0.098811
0.213138
0.247143
0.681979
1.176391
0.025938
1.234263
1.487972
0.165142
0.315139
1.215570
0.059765
1.755386
0.217800
0.730076
0.571056
1.080680
0.042453
0.167154
1.570033
2.313646
1.184370
5.085653
0.903430
0.351223
2.804830
1.477487
2.577170
0.664924
1.941739
2.891535
0.336473
1.277230
0.740388
0.169718
0.618136
3.813798
0.020984
4.022070
0.395247
0.994352
1.765972
0.760069
0.184794
0.674459
0.180443
1.035435
0.989441
1.713114
0.310774
0.354219
5.491933
0.777609
0.582224
10.177880
0.012529
8.145697
0.550185
0.125759
1.621813
2.783360
0.131371
0.168995
0.540026
1.032260
1.378391
0.430370
1.040539
1.156435
0.704962
0.909236
5.966391
1.516344
0.567098
1.698791
1.085033
1.347271
2.600296
4.338062
0.043186
1.152176
0.667970
1.119396
0.608846
1.707407
2.630766
0.826888
0.948087
0.888616
0.911207
0.010276
1.864605
0.229780
0.055723
0.038204
0.536889
1.585601
0.037404
0.256713
1.131338
0.579877
2.716261
0.925218
1.138553
0.730654
0.697735
0.137270
2.503636
0.430587
0.046308
0.403834
0.031119
0.197252
0.024070
0.818689
0.111319
0.308718
0.378214
0.198430
0.907749
5.159165
1.703363
0.640122
0.254074
3.736963
1.011484
0.218819
2.585789
1.922813
0.121734
1.690056
0.422842
0.954328
1.221769
0.515148
0.195209
1.505500
0.171649
0.982945
1.367462
1.005825
3.061252
0.858859
1.144095
5.491933
2.048907
2.648125
0.772641
1.012578
2.046778
0.812411
3.525080
0.356265
0.155642
0.006337
0.092372
0.186787
1.004462
0.061168
1.102169
1.553095
8.401527
1.039051
0.376445
0.086789
0.042676
0.528622
2.838169
1.425619
1.264721
0.593184
1.518368
0.898161
0.277198
1.237319
3.440900
0.844271
1.520105
1.299228
0.155356
5.120096
1.140555
0.535584
0.996578
1.492714
1.859650
3.957020
3.155841
0.195506
2.749046
0.897111
0.180113
1.386539
0.662553
1.377786
1.093925
0.245455
0.116209
0.944627
5.135155
3.310544
0.604149
0.296222
1.099314
1.527780
0.140180
0.784585
1.493257
1.816101
0.177341
0.843136
2.608376
0.264902
3.543909
1.012242
0.096147
4.891297
1.394015
10.375443
0.860740
0.909095
0.494971
0.760032
1.555759
0.202507
1.299476
2.098563
1.949793
4.443883
1.454878
2.554241
1.706226
1.335671
3.597975
5.486477
0.039624
0.630399
2.292027
0.717677
0.463239
0.265350
2.726779
0.340999
0.027099
3.987262
0.183522
1.167457
1.089290
0.318130
2.109931
0.121085
0.117547
1.315042
0.033325
0.485504
0.229472
1.493257
0.967639
0.480113
1.364321
1.300046
0.461592
6.308820
3.723171
0.221751
4.724505
0.056433
0.674886
0.152154
0.990068
1.998573
5.415673
2.360777
1.457367
1.072003
2.865120
0.307946
2.223350
1.545017
0.599748
4.906140
3.034914
0.468798
0.993029
2.977838
2.217777
0.602319
0.128556
3.263114
1.951431
0.637937
1.865717
3.791475
2.997684
0.074300
0.412651
2.566096
0.238535
1.020512
0.794690
1.623668
0.225986
1.282585
0.682857
1.056102
1.778180
0.514689
0.031402
3.011357
4.686781
2.107122
0.417685
2.090041
2.794930
0.104655
1.581393
1.353964
0.120503
0.000397
1.027642
5.261582
0.123054
5.995619
0.551032
0.956678
0.845126
0.385676
0.799906
4.630847
3.205675
0.468832
1.243903
0.223960
0.292333
2.668792
2.893868
0.047817
0.700106
0.701606
0.687241
0.045068
0.677643
5.334613
3.143002
3.084229
1.782583
4.313118
10.197781
0.481347
3.736172
5.894256
0.056956
0.445692
0.064254
0.849321
0.557943
2.849706
2.677634
0.190559
0.491622
1.207070
0.235866
2.145805
0.371736
1.747912
2.169524
0.397592
0.411226
0.373806
1.773135
0.746679
0.539474
0.367697
0.003393
0.074364
0.004741
0.148253
1.768052
0.491690
0.124366
0.585123
3.776497
5.735603
0.857204
1.167727
0.082616
2.333737
0.839950
4.787689
4.486565
8.199983
1.052162
1.146686
0.676202
0.801644
0.731798
2.388187
0.718991
0.297619
4.221877
0.483374
1.934893
0.074549
2.131815
1.179361
0.999061
2.710335
2.278632
0.028151
1.547662
0.294050
1.606750
0.189550
1.858722
0.399274
0.257252
1.976085
0.748766
0.707966
0.176504
0.166036
0.188412
0.964364
1.556628
2.363874
0.207752
1.936106
0.012282
1.568421
5.067882
3.326905
2.217037
1.192383
0.688705
1.092133
2.689383
1.385196
4.188618
0.864494
0.038702
0.255176
1.348681
2.093515
0.208541
1.684287
0.205317
5.887292
0.547162
1.622276
0.727735
1.780169
0.339241
0.098261
4.187901
0.180041
1.404526
2.694652
0.420795
0.170948
2.599506
0.953457
1.925369
1.731017
2.165033
0.414227
1.630470
0.868357
3.475642
0.604596
0.186235
0.720056
2.571167
0.171184
8.652940
1.618232
0.534074
0.140005
1.651446
0.300261
0.007843
6.046412
1.740253
0.421523
1.236688
0.628681
0.118714
0.875530
12.572668
3.454930
0.701236
3.734197
0.205163
0.534386
3.635207
1.064650
0.432202
0.343147
0.852970
0.157141
1.047453
2.665716
1.582135
0.025059
10.289869
1.005118
1.700790
0.985070
0.250046
3.861774
2.543108
1.375247
0.004522
1.359618
4.702598
0.948402
2.350668
1.524440
0.331569
0.518884
1.274027
0.292404
1.252366
0.093603
1.125283
5.554967
0.373185
1.989851
0.998974
5.705751
2.857878
1.733630
0.518403
0.109060
3.379702
0.088094
1.519803
0.643729
0.694224
0.018853
2.330016
0.274826
0.377049
0.119436
0.355002
0.241901
2.626562
0.990068
11.219432
4.044539
3.885909
0.033010
0.979934
5.442396
1.462940
1.576065
1.603444
0.569360
0.317710
0.907041
1.820991
1.726092
0.075631
2.723520
0.078173
0.587976
0.689825
0.074714
1.548986
0.282117
1.171342
0.486695
0.028523
0.334966
0.853686
0.160772
1.283976
13.416657
1.656289
0.310274
2.193083
0.201803
1.740758
1.211427
0.527587
3.005075
6.586127
0.448269
5.308744
1.052599
1.203613
0.156712
0.024194
0.143239
3.472521
4.481006
0.227440
0.258727
4.227933
0.136382
2.515223
2.255499
3.403402
4.255414
0.662494
1.331272
8.054613
4.076439
1.848391
1.792553
3.967488
0.058599
0.140742
0.415880
0.405761
0.978958
0.651925
1.295344
1.789440
1.196817
6.515095
3.620977
0.087589
0.918734
1.350799
0.044844
0.082743
0.022218
0.271113
0.053379
0.409333
0.676682
0.611082
2.516026
1.242380
0.347771
4.388395
1.848710
1.470437
2.227977
0.610833
1.626924
1.906975
0.057144
4.467619
7.262032
0.043312
0.048746
0.199000
0.417130
0.595974
0.232241
0.761600
1.341418
2.298869
3.902591
0.865250
0.561739
0.226462
3.359051
1.957760
3.290602
2.932369
0.379990
2.145805
0.187670
2.516026
0.942450
2.433400
3.824249
2.228535
0.663975
0.755215
1.804580
0.421865
2.474638
0.253366
2.031303
3.037104
0.165604
0.839314
2.294909
0.084296
1.578725
1.527950
1.859340
0.141480
2.445818
1.105103
0.377551
5.744214
2.058019
4.890593
1.079539
1.543971
0.012060
2.993317
0.277601
2.665868
0.405911
0.159143
1.439486
0.541808
0.308071
7.822094
0.497026
0.276572
0.281344
0.212702
1.019089
0.404702
5.026769
0.994954
0.745839
1.517847
3.956137
0.861585
0.204340
1.439736
1.399399
0.040445
2.861703
3.489452
0.681054
0.724419
0.553753
0.683550
1.502005
2.064177
0.586329
6.314550
2.676311
0.168659
0.390442
0.277642
0.872035
1.168144
