3.192714
3.192714
0.928245
0.928245
0.725209
0.863860
0.032297
0.098469
0.163912
0.508926
0.508926
0.934462
0.972844
0.889814
1.130486
2.809260
2.560353
2.192548
0.331366
2.663212
1.598037
2.240700
1.346118
2.100462
0.221955
3.086560
2.652173
2.652173
1.766415
1.382491
0.494217
0.494217
0.484195
0.006468
0.005044
1.278381
0.377573
0.377573
0.611795
0.611795
0.626806
4.507764
4.507764
1.591277
0.283937
1.268964
1.268964
0.069662
0.966902
0.966902
0.247650
2.534835
1.483009
0.272146
2.207630
1.567531
1.567531
3.637113
1.566490
1.566490
0.859632
1.401597
5.741589
0.517239
0.336513
0.336513
0.047387
0.047387
1.209055
0.582960
1.754131
0.293482
0.293482
0.384360
1.627821
3.987426
0.735788
1.462238
1.462238
1.462238
1.833276
1.293918
0.250028
0.684998
0.684998
0.297998
0.704566
0.020556
0.020556
1.970347
0.496637
0.496637
0.818705
0.206746
0.206746
0.252517
0.600550
1.793711
0.014813
1.782102
0.524689
0.524689
0.930031
0.930031
0.746668
1.250518
2.565914
4.785133
4.785133
0.141561
0.534463
2.414294
2.414294
2.414294
0.010105
0.853474
1.285159
1.285159
2.785619
2.785619
1.143282
0.095539
0.143222
1.690918
1.128931
2.300388
4.332631
3.053600
0.203701
0.203701
2.563637
2.042724
2.042724
2.236628
2.236628
0.501361
2.956222
0.842517
0.002612
0.889979
0.655443
1.035607
0.122763
0.826309
0.826309
3.246354
0.667395
0.625278
1.509070
1.039629
0.449514
0.644147
0.644147
0.537080
4.539521
3.726628
0.622641
0.622641
0.510405
0.904968
1.786162
0.704859
0.704859
0.000824
0.779480
0.012642
1.183043
1.186876
1.847483
0.743283
0.866958
0.866958
0.156018
2.714055
0.068081
0.798458
0.798458
0.697699
2.030091
1.312141
0.146448
0.146448
0.146448
0.059007
0.059007
0.138093
1.184757
2.180161
1.055274
4.646116
0.029307
0.289091
1.100347
4.329345
0.711832
0.155358
1.303166
1.473932
1.473932
1.473932
0.953876
0.313376
0.499125
0.489388
1.300331
2.211624
0.504370
0.691444
0.200873
0.351772
2.691030
1.034055
1.582838
2.014580
0.126146
0.126146
1.353435
0.133283
0.282942
1.692049
3.062742
3.097349
3.097349
0.759828
2.253601
2.790318
0.051455
0.051455
0.051455
0.754217
2.552050
8.545091
2.006884
0.232020
1.361355
0.776942
0.776942
0.776942
0.776942
5.088489
5.088489
1.292076
1.348478
1.348478
1.152532
1.152532
0.013935
1.852984
0.567243
0.552350
0.466785
0.580463
1.563371
2.958195
2.958195
0.283329
3.779716
3.779716
2.707361
4.363371
0.028093
0.028093
0.572463
0.572463
0.421062
2.538809
0.152720
0.297161
1.227514
0.762794
0.714189
0.275718
1.005597
4.404213
1.714563
2.472402
9.405110
9.405110
2.045586
0.508476
1.423903
1.423903
1.106748
0.287315
2.682247
5.375645
0.723577
1.179421
3.166030
2.451373
2.451373
1.231879
1.231879
3.311112
3.311112
3.311112
3.311112
1.229383
0.308757
0.901040
0.310727
0.310727
1.281820
0.016571
1.819355
1.128251
4.346677
4.346677
1.187179
9.885818
1.333370
0.469913
1.266939
1.266939
2.364541
0.441444
0.441444
0.039611
0.275113
0.253655
0.253655
0.253655
0.253655
0.059578
4.121987
5.488583
1.687389
0.341908
0.054680
0.247056
0.748024
0.361643
0.969084
0.934121
0.934121
0.830046
3.862144
0.227804
1.184555
0.705738
1.292834
2.897278
2.014755
1.670007
0.595571
2.297421
1.035059
0.504946
0.805568
1.134284
0.196013
0.196013
1.825526
0.736162
0.736162
0.736162
0.736162
1.506944
2.500503
2.468600
0.235979
1.235734
1.361696
1.361696
1.044397
2.374539
9.454295
9.454295
9.454295
1.071550
1.669589
1.669589
1.190212
1.868175
1.647461
1.647461
5.683811
0.706178
0.706178
2.159546
0.670112
0.252247
0.447600
0.798691
1.870245
0.782254
0.782254
1.806020
0.222751
0.222751
1.391030
1.391030
1.391030
1.391030
3.178169
1.040545
1.789026
0.075428
0.258597
1.339395
1.339395
1.547619
0.032250
0.187275
1.356033
0.946803
0.946803
2.941837
2.941837
2.528894
2.528894
2.528894
0.370056
0.638321
0.599798
0.947406
0.947406
1.716430
0.955866
1.141223
0.195127
2.365649
1.149081
5.920106
0.415194
2.235205
0.968734
0.515883
0.515883
0.423913
1.644580
0.049751
4.282491
0.754974
0.754974
0.754974
0.754974
3.183511
1.838724
1.838724
3.253146
0.064827
1.628227
1.619982
0.258053
0.258053
0.258053
3.623724
3.921601
11.102213
0.146650
1.847483
0.938736
2.177226
0.593054
0.441444
0.441444
1.517104
0.308251
0.519438
0.054253
1.631076
0.074513
0.074513
1.149179
3.422979
1.315769
0.234373
0.234373
0.234373
0.233089
1.686402
3.527429
1.779701
0.930797
1.658069
1.184353
1.621870
0.361818
1.451236
2.423939
1.546848
1.546848
0.192574
0.742231
0.794954
1.064925
1.064925
3.461128
0.850969
1.504446
2.151263
1.937509
1.937509
1.522905
1.522905
1.622680
0.474051
1.117991
1.501952
0.658138
0.532503
0.643304
0.187534
1.760631
1.984546
0.056248
1.816279
0.486852
0.486852
0.709553
0.709553
2.648958
5.099418
3.679073
1.140832
0.690065
0.690065
0.185305
0.280181
1.680637
3.841257
2.333639
1.973927
0.233517
1.575099
0.756262
0.756262
0.943451
1.298046
1.877109
0.521705
0.040646
0.040646
0.152314
0.379400
0.842597
0.145137
0.716549
0.716549
0.400235
1.259713
0.159629
2.324341
0.683914
0.683914
2.441318
0.591627
1.782102
2.373202
2.373202
3.302397
1.987299
0.727884
2.105484
2.105484
1.462480
0.807370
0.322826
1.117027
5.382253
0.363392
2.052404
0.168617
5.317448
5.317448
0.136689
0.136689
0.136689
2.077063
0.132733
1.828156
0.548848
0.548848
0.666253
0.327432
0.327432
3.178931
0.576559
2.781520
0.113897
0.123161
1.512203
1.512203
3.044513
3.044513
0.432683
1.064274
0.562906
0.092761
0.789985
0.789985
0.789985
0.789985
0.178174
0.211271
0.211271
0.211271
0.211271
2.958195
0.797367
4.920003
2.089178
0.846697
6.298093
0.168156
0.704127
2.461496
0.864838
0.864838
0.885677
0.165598
1.869767
1.869767
2.872841
0.501745
2.370532
0.719430
7.170655
1.050286
1.050286
0.658209
2.179965
0.549640
0.880975
0.822661
1.150263
0.144582
0.144582
0.468599
0.468599
1.654479
1.654479
0.590066
0.590066
2.008630
2.008630
2.008630
2.055464
1.724357
6.018020
6.018020
0.326692
0.326692
2.505117
0.171180
0.061485
0.107195
0.238070
3.185041
3.185041
3.031676
3.031676
5.511867
1.120984
1.120984
1.120984
5.767050
2.695718
0.521316
0.024972
1.700843
1.972733
0.727364
0.898621
1.063250
1.961520
0.459181
0.834910
1.822283
3.664253
0.632099
1.005686
1.707687
1.956619
0.064253
0.064253
0.064253
2.253189
1.802819
1.802819
2.614559
2.614559
0.723651
0.723651
2.621638
2.621638
0.691444
0.691444
1.647598
0.489705
0.489705
0.489705
0.489705
0.422517
0.422517
2.093053
0.544959
0.544959
0.544959
0.544959
2.450435
3.505949
2.011952
1.075764
0.681172
0.681172
0.283606
0.161922
3.731577
3.450129
3.450129
1.051578
3.714597
1.397524
1.280959
0.672905
0.933353
1.970688
0.162585
0.381701
1.221611
2.006012
2.006012
1.711121
1.711121
0.588506
1.962536
0.052640
0.052640
0.747722
2.875640
1.930860
2.894438
0.697772
1.096159
0.271707
0.271707
2.698205
0.036466
1.721037
0.654239
1.383873
0.628545
0.628545
0.628545
2.084210
2.084210
1.444986
1.547747
1.547747
1.547747
2.426706
2.426706
2.924690
2.073958
2.073958
0.802282
1.361015
2.876263
2.876263
0.842838
2.368754
0.057912
3.383153
0.168514
0.645062
0.645062
0.856307
3.512599
0.589455
1.540059
1.656687
0.732502
0.447292
3.402491
1.416352
0.024460
4.016451
0.075909
0.401611
1.639519
0.417974
1.680496
1.680496
5.481491
0.175805
4.630989
4.630989
0.481732
5.050852
0.484321
1.032870
1.587579
0.458373
0.458373
3.343507
0.822581
1.848111
1.014123
0.523521
0.536426
0.288369
2.735735
1.990919
1.990919
1.990919
0.257183
1.247886
1.772670
2.092868
5.948815
1.012234
1.544154
1.807089
1.807089
1.807089
0.449452
0.336857
0.336857
0.336857
0.478894
0.746216
1.610576
0.338118
1.413061
1.943685
3.164896
0.878095
0.597479
0.374750
1.298046
1.298046
1.298046
0.731383
0.731383
0.076680
0.076680
3.270059
0.134284
1.435897
1.435897
1.435897
1.435897
0.022693
2.134264
1.592865
1.592865
0.552615
0.552615
0.288536
0.973983
2.203050
1.811217
0.898871
0.898871
1.735963
0.502193
0.032905
1.807241
0.937025
1.436970
1.436970
0.236944
1.012863
1.011245
2.896646
0.408928
1.408137
0.272366
3.260773
3.093744
1.642527
0.665896
0.665896
0.133583
0.292925
2.814930
0.506742
1.670286
1.670286
0.782100
0.576223
0.565774
0.565774
2.304424
1.139070
1.517230
0.866468
0.866468
0.762261
0.962200
0.121075
0.121075
0.121075
0.121075
0.696096
1.658761
1.658761
2.329956
2.329956
2.329956
5.191297
2.006535
2.189787
0.034966
0.224132
0.384064
1.260985
0.083004
0.695077
2.659433
4.395612
1.319074
0.657428
4.251790
4.251790
5.992936
1.716143
0.774255
0.486409
1.868971
0.514011
0.041493
4.344188
2.367866
0.236997
0.338233
6.128209
0.903797
3.136844
3.136844
3.136844
3.136844
4.024465
0.618833
0.618833
0.618833
1.483501
0.062153
0.293927
0.335482
0.265302
2.457250
2.964788
0.122217
0.122217
0.946803
1.837477
0.169385
0.169385
0.169385
0.049089
1.141419
2.224881
0.497338
1.205267
0.634893
0.440768
0.440768
2.854925
0.965856
2.416127
5.156714
5.156714
0.007342
0.286595
5.737388
0.189766
1.825835
1.513961
0.240701
0.241024
1.788725
1.788725
0.498231
0.395401
1.462116
4.071397
4.071397
2.709589
1.385832
0.261319
0.899705
0.645696
2.370532
2.370532
0.027627
1.516097
2.203845
4.370102
1.186775
1.450153
1.900490
2.174297
0.478642
0.478642
0.271543
0.271543
0.801266
2.726687
2.279739
1.605494
1.605494
1.605494
0.190078
6.770828
0.244845
3.366219
3.366219
3.366219
3.366219
3.346913
2.682247
0.597683
0.597683
2.574804
0.650067
0.650067
1.223783
1.146916
1.036337
1.368406
5.455190
4.847571
4.943298
2.434574
0.521510
0.494726
0.494726
3.272085
1.610174
0.076150
1.063901
3.494147
0.838749
0.838749
0.838749
6.247140
1.750009
0.771267
1.421658
0.396415
4.178048
2.078526
4.292867
1.695872
1.695872
3.812495
2.054203
2.954581
0.045309
2.156266
0.102287
1.356033
0.539440
0.036841
0.908319
6.821824
0.849194
2.298904
2.558588
0.177195
0.186342
0.130733
1.022335
1.022335
2.273057
0.028187
2.712099
0.473926
0.473926
0.629868
3.319041
1.702266
0.517368
1.542874
1.542874
1.282358
1.282358
0.315465
0.315465
0.903880
3.943646
1.618096
1.618096
1.347241
3.274114
1.332702
2.214426
0.011257
0.011257
11.533736
3.890047
1.123596
0.952407
0.952407
0.574409
1.814897
1.814897
0.553542
1.337942
0.854445
1.773566
2.612206
2.092868
2.760614
1.244839
1.244839
0.774792
2.903925
2.544042
1.429354
0.701713
1.020617
1.020617
1.020617
1.020617
0.282058
2.160512
2.160512
2.160512
2.531861
1.726816
0.077403
2.515855
1.380537
1.910109
0.810667
0.810667
2.476691
0.529503
2.330605
1.273879
0.101944
0.101944
0.101944
0.094271
5.226697
2.147810
2.561615
0.332051
1.780301
2.267235
0.683986
0.683986
0.065640
3.266822
0.742231
1.754720
1.344771
0.704932
0.685504
2.167292
0.454712
0.288924
1.879350
2.061966
1.944689
0.395044
1.989022
1.355242
1.355242
1.154408
2.081457
0.099789
0.246517
2.949666
1.893033
0.464226
0.647245
2.643081
1.553539
0.039048
0.344843
3.971828
0.580666
0.008999
4.718794
4.718794
2.613513
2.607252
3.187339
0.461795
0.749456
0.749456
0.689848
1.585865
3.492268
3.492268
3.492268
0.697553
0.983918
2.324556
3.215189
1.092361
0.145187
0.145187
0.235872
0.261101
0.261101
0.985594
4.856874
1.658622
0.192835
0.991789
3.319459
2.779475
0.820207
0.232554
1.599366
1.599366
0.705885
1.189807
0.120579
0.094076
0.993475
0.046867
3.035827
0.902793
0.267379
1.357051
1.357051
0.760816
0.499572
0.499572
4.937132
4.937132
0.796277
3.601841
0.560576
0.560576
0.050934
1.429829
1.762556
1.762556
1.799473
1.799473
0.754368
0.910837
1.581129
1.087816
2.584003
0.307127
0.307127
0.307127
0.548848
2.810154
0.464662
0.536622
0.536622
0.536622
0.536622
0.234052
0.247596
7.603997
1.354903
3.680670
6.888109
1.368634
0.667395
0.667395
0.271872
0.435373
0.694132
0.086152
1.150657
0.703249
0.053589
3.540951
0.277204
0.985241
1.402996
2.564395
3.684936
4.786246
0.400534
0.400534
1.002467
1.101301
1.021883
1.021883
1.878710
1.403463
1.403463
2.780935
2.170012
2.170012
2.170012
0.203544
0.072782
0.983829
0.983829
4.386208
7.400064
4.211049
0.684131
1.922756
3.782563
1.682743
2.495904
3.225375
3.083696
3.083696
0.403946
1.085832
1.759299
5.443072
0.852666
5.149608
2.578886
1.102732
0.939678
2.709589
2.709589
6.141883
6.141883
2.667541
0.016756
3.109307
0.304097
0.066932
0.066932
0.058150
0.280125
1.609103
1.021612
0.065448
0.065448
2.041831
0.072206
1.666944
1.666944
0.502129
1.191731
0.686661
0.686661
0.064875
1.804495
1.582838
2.713775
1.637881
1.637881
0.239895
5.803875
2.301025
0.780404
1.198128
0.973194
0.615034
1.147801
0.129236
3.444204
0.972056
3.951917
0.338347
5.463905
0.575282
1.341185
3.213238
3.213238
3.213238
0.735788
0.005319
0.205328
1.515091
0.115379
0.269843
0.269843
2.511697
7.927830
7.927830
7.927830
0.295878
0.154190
3.638665
3.638665
1.820741
5.281415
5.281415
0.822502
0.363684
1.254527
0.141561
0.142567
0.151960
1.484609
0.110296
2.970084
1.089424
1.284296
2.686358
2.686358
0.302920
0.311910
0.311910
0.311910
0.311910
0.689268
5.292290
4.420692
1.808617
1.669032
0.055060
0.055060
0.055060
0.055060
1.147605
1.147605
0.722021
0.164984
0.270994
0.104739
7.214939
0.505395
0.505395
0.951544
2.545290
0.001236
0.739156
0.189299
0.189299
0.234426
2.830257
6.990953
0.928840
1.781201
0.144229
1.124080
0.047812
4.601187
4.601187
4.601187
0.643866
0.122714
0.398384
0.041822
2.043439
2.822424
1.267792
0.263663
0.101503
3.724433
2.090468
2.090468
3.307371
3.307371
0.208744
1.890771
0.232127
3.302397
3.302397
3.302397
3.302397
1.446306
3.264803
0.764165
0.764165
0.764165
0.728777
1.974269
2.923725
0.446120
0.446120
5.032382
0.066692
0.066692
0.429206
0.302528
0.302528
0.520474
0.007020
0.532699
0.107933
0.083488
3.605888
3.605888
1.304695
1.192339
2.895699
2.132177
3.594784
2.836007
1.025960
0.166672
0.166672
0.166672
0.047576
1.329144
1.724935
2.350216
2.350216
1.934846
1.934846
1.934846
1.934846
0.523521
2.813436
1.400665
2.520762
0.290257
3.183129
1.448108
1.448108
0.281229
0.281229
7.640854
2.747980
2.747980
2.747980
0.080539
0.080539
0.641407
0.553211
1.759299
2.070314
1.644032
3.501217
1.497970
0.713894
1.090750
1.090750
2.467176
2.467176
2.123855
1.145442
1.150855
0.262627
3.155487
1.462602
5.095310
0.346572
0.268145
0.268145
0.076535
1.610710
3.257959
1.473443
3.337989
0.785805
0.785805
3.762747
0.352177
0.091982
2.672427
5.201536
2.768999
8.011443
3.411364
3.411364
0.362226
1.470512
0.782100
4.672701
5.716554
5.716554
1.097585
2.955894
2.883131
1.473565
0.429632
0.923662
0.923662
0.587219
0.587219
3.092305
1.257276
0.220734
0.854606
1.342416
1.308961
0.078946
0.078946
1.849681
2.161672
0.598775
0.742456
0.872107
0.719948
0.304994
0.247380
1.821204
1.305350
0.152365
0.545749
0.545749
0.545749
0.364209
5.917738
0.437271
0.129086
0.134784
0.064158
2.245193
2.753996
0.025856
0.885016
0.885016
13.181655
2.461496
2.461496
2.953597
1.040087
1.636927
0.073503
3.119895
1.476257
1.176811
1.176811
1.176811
0.519050
1.291426
1.291426
1.541722
1.208337
1.054719
2.406076
1.156386
3.551662
1.852984
1.852984
0.228444
4.844098
2.825432
3.535141
4.448862
4.448862
0.694714
0.382468
2.041831
2.041831
1.399501
1.399501
1.037891
3.650621
0.946889
0.946889
0.377161
0.377161
0.377161
0.791691
0.791691
0.246786
0.110887
0.808861
4.405076
1.517104
0.604928
0.145036
0.145036
0.288647
0.185772
0.731831
0.216762
0.227272
4.924877
0.593394
0.593394
0.593394
0.382114
2.518307
0.407246
0.170308
0.170308
0.661478
2.747408
2.646818
2.646818
0.500339
0.500339
3.145019
0.152061
0.092079
0.031409
2.335810
0.143121
0.143121
0.154241
1.024599
1.015653
1.651860
1.767159
1.767159
5.441349
0.959854
2.973403
0.891057
1.156089
1.613392
0.236140
4.408532
4.408532
4.408532
0.966902
0.697553
3.320716
0.884521
0.168053
0.649926
3.619117
2.418879
0.220893
0.436169
1.371258
1.371258
0.801579
1.303384
5.380598
0.684275
0.506101
0.506101
0.506101
3.349046
3.043816
0.322486
0.780096
1.124274
1.124274
0.398622
1.127377
1.722913
1.722913
3.403819
0.859795
0.859795
0.061151
2.557076
2.557076
2.007931
2.007931
0.638952
0.434395
2.767840
3.461588
0.789985
0.945943
0.041493
4.421565
0.666966
1.991610
2.292558
1.561685
1.561685
0.374574
2.306127
0.093199
0.640775
0.980481
2.358795
1.550962
0.093442
0.263827
3.117698
2.882193
0.890145
0.890145
0.890145
0.190338
0.190338
0.255120
0.841233
1.051209
1.942849
1.942849
1.379388
0.968211
0.662759
2.779183
0.136488
0.384005
0.384005
4.214086
4.214086
0.474805
0.474805
0.474805
2.781813
0.328856
0.252247
0.252247
2.413608
0.994363
0.189091
6.087920
0.937367
1.005418
0.116072
1.020436
1.828621
2.328875
0.498614
0.099202
0.125946
0.350962
0.198154
0.198154
3.135363
0.553409
0.924679
1.853141
1.610308
0.479776
3.854950
1.632707
1.632707
2.703747
0.918587
1.772074
1.772074
1.184051
3.407365
1.309619
0.236783
1.520380
1.609505
2.546789
0.015645
0.015645
0.015645
2.527906
2.527906
0.173542
0.829011
1.100443
1.100443
1.100443
1.100443
1.058515
0.128637
0.215123
0.140856
0.507512
0.507512
0.094222
0.094222
0.268036
0.223920
0.223920
1.089141
0.127590
0.741105
0.871288
0.024553
0.024553
2.253395
5.832658
0.068943
0.564172
0.052166
3.549709
0.153987
2.072864
1.133407
2.996846
2.996846
2.996846
0.828932
1.105121
2.219041
0.108327
1.762112
0.146398
2.187817
0.648021
0.310896
1.674474
2.513164
0.757247
3.210122
0.805803
0.291368
0.832675
0.832675
0.832675
0.832675
3.369677
2.606991
4.298483
1.013763
0.534855
1.447507
1.447507
0.380874
1.964400
0.053209
0.821235
1.144852
2.321325
0.498870
3.954472
1.405564
1.031959
2.754858
1.423785
0.545354
1.063250
3.443750
1.047983
1.423430
0.768361
2.566421
3.375748
1.787368
0.127291
1.412709
1.704832
2.503172
0.057912
0.057912
0.656719
1.201489
0.637481
0.560909
0.926376
0.821156
0.476251
0.341506
0.203230
1.669310
0.308757
1.593925
1.593925
6.347685
3.076916
3.076916
3.076916
1.800689
2.509501
2.049170
1.605494
0.565440
0.425614
0.425614
2.256070
0.013196
0.144935
0.144935
0.190494
1.120115
1.943685
0.197997
2.224276
1.855032
3.100239
3.100239
0.484321
0.999969
0.003391
0.742757
0.742757
1.203224
0.100817
0.526899
2.057628
4.808668
4.808668
4.808668
4.808668
0.419668
1.313020
2.653515
6.195011
6.195011
4.200470
0.909829
1.136431
3.860343
2.360119
1.388717
1.388717
2.555064
0.832994
0.180754
0.342023
5.537353
4.648144
4.648144
4.648144
0.324530
1.888834
1.621465
1.621465
0.444457
2.848796
3.765562
1.179723
1.963722
1.229799
0.205643
0.205643
0.705518
0.659416
0.895624
1.512329
1.512329
0.261700
0.261700
2.800647
0.779096
3.676947
5.129890
2.407443
0.173234
0.173234
0.845249
0.403407
1.909292
1.909292
0.327659
0.158509
0.505139
2.553305
0.184580
0.450070
0.763784
1.333036
0.574409
0.574409
0.574409
0.574409
4.153765
0.623889
3.902342
0.013611
1.947369
1.947369
2.560101
0.183338
0.127441
0.127441
2.193931
1.792198
1.232295
1.232295
0.533875
1.214085
1.214085
1.214085
1.214085
3.135363
1.466491
1.466491
0.372753
0.372753
0.236622
0.093735
1.945358
1.945358
0.041681
1.166613
1.166613
1.166613
0.905805
0.905805
0.905805
0.905805
0.905805
0.009920
0.009920
2.504144
2.041117
0.476691
0.476691
0.178278
0.088578
4.607100
4.607100
4.607100
3.230099
3.589263
3.009047
0.642952
3.369244
2.288133
0.695296
0.243122
1.961858
1.961858
1.176209
2.634308
0.247596
0.247596
1.937675
1.584285
0.576156
0.356874
0.356874
0.453225
8.365389
1.738586
5.325397
0.179361
1.753541
1.821204
1.821204
1.495735
2.162446
0.767750
2.090284
2.090284
2.090284
0.745313
0.872025
4.728399
1.320508
6.033274
6.033274
0.135636
0.966640
4.507764
1.582969
1.582969
0.010796
1.327369
1.760186
1.294678
0.485270
3.615544
0.548320
5.868859
0.025158
3.778010
1.455217
3.238006
1.615809
4.817731
3.272085
3.394990
1.649521
0.770502
0.770502
3.193098
0.836748
0.681172
1.456908
1.456908
2.025668
0.208796
0.463789
0.188157
1.800081
1.047799
0.186290
2.846352
2.846352
1.259713
1.259713
0.047529
0.047529
0.047529
0.047529
0.003621
1.043112
1.783304
1.783304
1.457876
3.191560
0.713599
0.713599
1.084889
1.084889
1.084889
2.703747
2.954581
4.009805
0.396057
0.396057
0.039988
1.314119
1.314119
1.314119
0.075235
1.404863
1.385947
1.428879
1.790838
1.392188
0.264318
3.789990
2.604391
2.845131
3.611979
0.017404
0.343519
1.136529
0.854606
0.426952
2.792084
1.595648
0.866958
0.866958
0.866958
0.866958
0.866958
3.251145
0.546738
1.813823
1.673635
2.149919
0.039658
0.345304
0.345304
0.322486
1.329589
0.065448
2.073229
2.432951
2.432951
0.490657
0.696606
0.905554
2.115391
1.044948
1.660699
1.502699
1.311373
1.311373
1.387216
0.371814
0.371814
1.438522
0.543446
2.860770
0.246625
0.240432
0.578847
1.332924
0.944224
0.944224
1.745752
1.578374
0.737434
0.737434
0.941392
0.086589
1.179220
0.483184
0.483184
2.167874
1.167610
1.167610
0.436353
3.434231
0.163452
0.163452
0.163452
1.774462
0.702371
0.041304
0.041304
0.041304
3.644891
0.256531
0.079477
0.079477
0.074561
0.074561
0.571726
1.757968
5.046875
2.297844
0.293426
1.078486
1.149672
1.149672
0.638321
0.689413
1.366355
1.656825
2.385053
2.385053
7.865874
0.816810
3.193483
0.571592
5.595376
0.081505
1.575099
1.575099
2.147426
3.140554
0.043753
4.511466
0.455456
0.872762
1.662639
0.337545
0.337545
2.309752
0.219992
0.254035
0.254035
0.299730
2.050966
0.486536
2.781813
0.181787
0.967251
0.741931
1.658622
0.163095
0.118794
0.248190
0.248190
0.874975
1.654479
0.467223
0.467223
0.454588
0.093491
0.273629
2.646283
0.564572
0.127590
1.008642
0.965856
1.906352
0.645625
0.196587
0.325895
2.534587
1.078205
0.895707
0.842517
1.001575
3.549709
2.400623
3.112585
3.112585
0.359315
0.220946
0.220946
1.117605
2.327146
2.327146
3.869977
3.398074
1.217071
1.217071
8.030674
7.471661
0.557187
15.595812
0.006468
0.006468
1.124952
0.115973
0.115973
0.101601
0.101601
4.496714
2.198087
0.111084
0.111084
2.232770
3.066273
3.066273
2.820022
2.820022
1.793408
0.690210
0.690210
3.434683
3.434683
4.533868
2.378110
0.378869
1.974610
1.974610
0.906894
2.643614
0.509311
1.480796
0.491546
0.701640
4.548991
0.036231
0.195283
2.309752
2.309752
0.325156
0.325156
1.557025
2.538312
0.337086
0.784028
0.503025
3.384464
3.384464
0.341563
1.961520
1.813669
1.813669
0.345650
0.083779
0.051929
0.051929
1.037251
4.582614
0.800642
3.786557
0.765689
0.295822
0.295822
1.594190
0.683264
1.272810
0.120579
0.416704
0.416704
0.944825
0.697991
0.697991
1.039263
2.839042
2.207431
0.352872
0.023251
1.209465
0.819574
0.819574
1.104165
1.104165
0.981626
0.682615
1.150855
1.150855
0.323792
0.419063
0.861826
1.103210
1.103210
1.103210
0.783411
1.369660
3.366219
1.489914
1.523410
1.523410
0.864919
0.864919
0.494026
0.119934
2.587082
0.986920
2.027436
0.655443
0.534071
2.443884
0.719726
1.943685
0.937111
0.510212
2.270559
2.270559
1.718012
0.841794
1.059535
2.563637
2.563637
0.064923
0.064923
1.164423
0.974246
0.806586
0.216127
0.339151
0.339151
0.772569
1.851725
1.380077
2.453486
3.004291
1.365900
0.547331
0.066836
0.052593
1.499959
3.139440
1.304695
1.304695
1.304695
0.308476
0.308476
0.610282
0.740880
1.618769
0.331651
1.041370
4.399047
4.518896
3.883937
1.083757
1.837633
1.963722
1.161739
0.881222
1.219133
0.900122
0.477887
1.878389
1.878389
5.630127
5.630127
0.018006
0.720244
0.720244
1.067628
2.195117
1.299678
1.068281
1.430898
1.430898
2.369643
2.369643
1.616078
0.667109
2.113892
0.665040
0.263282
1.458844
0.272970
0.205013
2.373647
0.174108
0.825118
0.813184
2.279529
0.413444
0.266504
2.190575
2.190575
5.012842
5.012842
0.065688
1.560778
0.497657
0.190234
0.956472
0.051503
1.290993
1.033782
0.359664
2.997522
8.491514
1.723779
3.052899
0.658848
1.978885
1.978885
4.341704
0.654593
0.016339
0.888323
1.522147
3.684936
5.139716
5.139716
0.358094
0.358094
3.312361
0.710362
2.462678
0.763403
0.374104
0.498678
0.306734
1.342080
1.485225
1.103019
1.103019
0.579453
0.890891
1.692615
1.692615
1.314999
2.851244
1.824599
1.824599
0.585595
1.391840
0.694205
0.694205
4.187723
4.265095
4.265095
0.632657
0.514785
0.048190
1.107514
1.363740
1.885130
1.885130
4.298483
5.460413
5.460413
0.623057
2.166903
0.077306
2.968758
1.175207
0.506486
0.791381
0.791381
0.791381
2.618488
0.518791
1.268538
1.155397
0.722391
0.498231
1.912401
2.591455
1.208542
2.474069
0.420698
0.014166
0.238392
0.732353
0.732353
0.732353
0.560842
1.531267
0.528396
0.734144
0.734144
0.943022
0.767750
3.666889
4.290466
8.110163
8.110163
8.110163
8.110163
2.773646
0.350846
5.614583
0.697626
0.403227
0.234212
0.257509
0.683914
0.670183
0.246247
0.246247
0.246247
1.040087
1.040087
0.779403
1.912892
0.948956
0.689196
0.689196
0.114095
0.088724
5.758515
0.477194
2.967434
2.223469
1.164622
0.643374
0.643374
0.043046
5.508261
1.497349
0.439049
0.516335
4.402489
0.323735
2.959182
2.105857
0.134734
0.064827
1.381916
0.000412
0.000412
0.000412
0.801813
2.661861
0.173234
0.788048
0.788048
4.636014
0.376337
0.376337
0.132233
1.080743
0.790295
0.332965
0.332965
1.332702
1.093310
0.368767
1.864839
1.864839
1.864839
0.239627
0.450688
0.450688
2.300388
0.344498
0.344498
0.344498
0.344498
0.344498
1.736400
0.103120
1.329367
0.087316
1.115004
0.611864
0.371873
0.504882
4.861547
4.861547
4.861547
1.746485
1.842628
1.378470
0.383000
0.017404
0.225408
1.571441
1.571441
1.480919
0.198833
0.595707
0.595707
0.649926
0.362459
0.507127
0.507127
0.397488
0.036184
2.685535
2.597909
1.221301
2.155688
1.637063
1.637063
5.103537
0.079766
0.873909
0.996318
0.996318
0.996318
0.650279
4.979564
0.326749
0.326749
0.326749
1.333258
0.109065
0.020510
0.039846
4.219414
0.564239
1.249043
1.930695
0.303032
0.780481
1.591145
2.746837
4.288069
0.847663
0.323167
4.147937
0.561374
0.869407
1.096539
1.096539
2.849408
2.849408
2.849408
0.714778
0.772569
1.739316
1.739316
1.289046
0.841634
3.399398
1.284081
0.291424
2.461969
1.242846
1.242846
0.364267
1.377896
0.281450
0.313037
12.676946
0.667395
0.958899
2.037195
1.052132
2.572259
1.339171
1.324267
1.153321
3.081909
3.081909
0.206693
0.491228
0.326578
1.630533
0.664184
1.505819
2.101763
1.457513
3.410475
0.063394
1.562204
2.253806
2.253806
0.911257
0.911257
1.803733
1.774014
0.072302
0.205485
0.040223
0.546606
1.255267
2.314671
1.037251
0.165547
0.235122
0.235122
0.235122
1.320067
1.320067
0.185772
0.185772
0.185772
0.185772
1.242112
2.005838
2.621901
0.045451
0.178174
0.178174
0.411756
0.446490
1.907821
0.499700
2.921477
0.709186
2.303786
2.303786
3.753216
2.067042
0.110937
3.114409
4.071397
0.103218
3.402934
3.402934
4.236286
1.542489
1.542489
1.542489
0.989839
1.916502
1.355581
0.681389
1.101492
1.101492
0.962287
3.413145
0.348130
0.263554
0.263554
0.409469
0.668538
1.398919
1.189200
6.431940
0.213856
0.790838
0.283218
0.610351
0.646118
0.074658
0.719874
0.044838
5.315863
5.315863
1.176309
0.163146
2.469312
0.743734
4.072088
0.147862
0.022972
2.010203
2.010203
0.213064
0.071966
0.071966
2.388199
0.302472
0.864675
0.864675
4.739144
0.138897
3.064153
0.928670
0.928670
0.928670
5.405612
3.332490
3.236025
2.394059
9.479505
0.574006
1.675872
1.675872
1.675872
1.675872
1.084040
1.084040
1.448589
2.763500
1.414236
2.835097
0.983124
0.983124
2.278484
2.278484
2.278484
0.756338
1.804952
0.923662
0.923662
1.631619
1.631619
0.679587
2.672971
1.323713
1.961351
4.545196
4.545196
1.119439
0.263718
1.532919
1.532919
1.532919
0.664398
0.118844
0.749758
0.721132
1.630262
0.579992
0.470978
3.370543
3.370543
3.370543
3.370543
0.988158
0.988158
4.886321
3.778010
0.108327
2.426014
0.756035
0.192991
2.443183
0.725952
0.908403
0.876042
1.630397
4.997392
3.187339
0.014674
1.541978
1.541978
3.944916
3.944916
3.944916
1.736983
0.707791
3.179694
2.173712
0.950681
1.392188
1.074921
0.990548
4.999956
4.620989
0.330053
3.289624
4.044690
1.710978
2.642014
2.642014
2.602314
2.560858
0.824642
0.514527
0.462979
0.462979
0.216868
2.897909
0.300065
0.300065
5.958508
0.377927
0.182201
1.609237
2.057448
0.079863
0.175393
2.819422
0.488120
0.898621
2.320465
1.553668
0.183545
1.301203
0.608770
0.845973
2.376770
2.376770
7.874570
0.754898
0.660909
0.660909
0.174467
0.961852
0.706398
1.267365
1.437090
0.442304
0.628337
3.846006
0.620770
2.052764
0.095490
5.160993
0.065927
0.065927
0.283495
1.260137
0.900289
0.028000
1.246519
1.246519
0.081167
1.474176
1.189200
1.125243
2.368088
1.688517
0.932245
0.742156
5.060173
0.113502
0.393734
4.613037
0.332337
0.521381
0.709774
0.205853
0.534071
0.249703
0.249703
0.330624
0.330624
6.028172
0.721354
0.177092
1.192745
0.959854
0.111430
0.612277
0.612277
0.274288
0.274288
0.004447
0.277755
1.434824
1.434824
1.196907
1.196907
1.396362
0.741481
4.875653
0.368826
0.368826
0.337201
0.118547
0.852908
0.793477
1.059349
0.778711
0.778711
0.926631
1.209567
1.209567
0.106654
3.389279
2.333856
0.184373
1.834519
1.142497
1.142497
0.531785
0.531785
0.926886
0.926886
0.910417
0.921038
0.281450
0.281450
4.274559
4.274559
4.587479
6.510636
6.510636
0.236944
3.003951
1.490780
1.490780
0.492181
0.492181
0.283495
0.816652
2.503172
2.818223
0.245007
0.245007
0.227112
0.227112
0.369704
1.533428
2.435735
2.435735
0.139047
2.786499
1.061763
1.249991
1.616078
1.544924
1.745899
1.085549
1.085549
1.085549
2.745409
1.088100
0.806116
0.680812
0.547529
0.127092
0.437700
0.437700
0.546672
0.546672
3.314445
3.314445
1.664998
1.664998
5.812672
1.146031
0.337029
0.337029
0.337029
0.960114
0.396236
1.879350
3.576790
1.307100
1.307100
0.223282
1.753541
0.070190
5.010256
3.028225
2.145894
0.771344
1.270993
2.332555
3.947458
0.692170
3.939844
3.939844
0.377632
0.442734
0.673264
0.555595
0.555595
1.149770
0.654876
3.745413
1.067255
0.083585
0.201501
2.218037
0.373223
0.719208
0.018053
0.018053
2.109028
1.357503
2.439222
2.439222
1.603493
0.950594
0.304713
0.304713
1.647735
1.601761
0.671544
1.634203
0.047812
0.151605
0.256423
0.266941
1.799473
0.341103
4.713484
0.270501
1.500831
1.500831
1.500831
0.299730
0.120926
0.089016
0.089016
1.347241
1.347241
0.456076
1.150756
1.150756
1.150756
0.071966
0.227059
3.656898
0.107785
0.107785
0.107785
0.285819
0.233303
0.233303
2.261022
0.141712
0.251597
0.251597
0.657996
2.600498
2.600498
0.566441
0.585527
0.260012
0.260012
1.044397
5.074938
5.290731
0.991611
3.183129
0.338290
1.336826
4.449751
4.449751
4.449751
4.449751
4.449751
1.518489
2.450435
2.457722
1.790989
0.207061
3.371409
0.616069
0.616069
0.771573
4.385356
0.765918
0.784569
0.091398
1.191427
1.191427
2.259163
2.364098
0.388209
0.388209
1.855505
3.228129
0.007802
0.337086
0.337086
0.337086
0.337086
2.577864
4.339224
0.276764
1.748687
1.593527
1.590088
2.587339
2.547040
0.381405
0.067602
1.337495
0.558383
1.228345
0.174313
0.150238
0.150238
0.150238
0.258814
2.814930
2.814930
0.469350
0.469350
2.571750
1.675732
0.879247
1.525560
1.525560
7.806376
0.516787
0.964288
0.716844
3.293321
3.293321
0.306229
3.118796
3.118796
1.640202
1.855821
1.855821
0.708378
0.114786
0.114786
0.114786
0.114786
2.268896
0.927565
1.248307
4.765251
0.355249
0.095832
0.850404
2.287081
0.989662
0.989662
0.989662
1.376635
1.376635
9.119579
9.119579
2.199078
2.676239
2.676239
2.676239
0.331081
0.015553
1.029411
1.731745
1.731745
2.741418
3.145019
3.145019
2.316600
4.913933
1.177513
1.666527
2.575823
2.575823
0.395163
0.067219
0.785032
1.363058
0.908654
1.619173
0.010796
0.010796
0.080008
1.931192
0.156729
0.031128
1.624572
1.624572
0.721946
0.177711
0.177711
3.619117
0.869244
3.698346
4.321978
0.278857
1.733198
2.552050
2.552050
1.857557
0.290590
2.775975
0.100279
1.998880
0.011534
0.011534
0.011534
2.346930
0.584175
0.062821
1.569485
0.173696
1.390683
1.390683
1.300331
0.205958
0.425493
1.108376
0.053020
0.930712
0.457131
0.994096
1.763001
1.763001
1.763001
0.001695
1.015924
0.194918
0.194918
0.194918
0.194918
2.340161
0.457193
0.457193
1.545308
1.545308
0.746969
1.391261
1.700985
1.700985
3.840664
0.967076
1.033326
0.064397
5.983018
1.524675
2.271183
3.589263
1.322718
1.322718
2.316385
2.316385
0.087802
0.100132
3.475920
1.063064
0.235122
0.185305
0.815154
0.444211
0.268802
0.300009
0.506165
1.825835
5.001239
0.312248
0.572061
0.591355
0.591355
0.374926
3.296615
0.055488
1.345893
1.488185
4.215606
1.788423
1.128542
1.227411
2.043975
0.281174
1.371030
0.875878
0.698282
1.868175
1.868175
2.664293
1.932354
5.186931
5.186931
0.883036
1.105026
1.461267
3.649578
2.426475
0.300289
1.150460
0.287038
0.388031
1.735817
1.735817
1.692898
4.326066
0.076391
0.076391
1.759447
3.228916
3.228916
0.730191
0.730191
3.750983
1.737274
0.988954
4.791820
0.070766
1.250834
1.250834
0.129885
0.258216
6.553394
0.183183
3.249546
0.236568
0.004171
1.025143
0.929265
1.326260
6.962198
0.253655
2.748552
0.443103
1.495487
1.462966
0.634823
0.650632
0.301576
0.675488
1.045224
1.456667
1.257488
1.327924
1.327924
2.001486
2.001486
2.771321
0.873090
3.549709
2.057267
0.049846
1.223576
1.273772
1.273772
0.599116
1.834830
1.834830
0.255283
0.255283
0.087171
0.733323
2.197493
2.197493
3.770642
0.093491
0.093491
1.361469
2.467888
0.261646
0.261646
0.406105
0.367539
0.283993
0.289923
0.289923
2.246215
1.712984
1.659591
5.486807
5.486807
0.078898
0.503537
1.470024
0.601575
0.812869
2.575823
2.115391
2.115391
0.218085
0.218085
2.376323
2.376323
2.376323
0.643233
0.124304
0.909997
0.909997
0.817125
2.142644
3.248747
2.110897
4.164019
4.164019
2.106416
0.805020
0.295042
0.548320
0.063632
0.063632
0.648091
0.452606
0.068799
0.111232
0.111232
3.127977
0.665325
5.622335
0.200873
0.200873
3.988079
0.168822
0.168822
2.382585
1.800233
0.519697
1.356485
2.278065
2.278065
3.260371
1.912892
2.000617
0.419910
0.702371
0.130534
2.501959
2.501959
0.163861
0.883613
1.085549
1.085549
1.315879
1.759003
0.146701
4.202731
0.995873
0.288647
0.000962
1.265342
1.265342
0.768972
1.237509
4.849892
0.392425
0.392425
0.469037
0.740955
1.361129
1.204245
1.171703
1.872955
0.538522
0.980833
3.800335
1.126698
2.961818
0.905135
0.905135
1.096444
2.798576
0.143473
1.070242
0.268474
0.746216
0.746216
4.392186
1.582706
1.582706
0.058340
3.149123
0.003896
0.095929
0.095929
1.448108
1.448108
1.872635
2.648155
0.708966
4.725191
6.462244
0.058483
0.966379
0.966379
0.123459
0.581138
0.581138
0.269405
0.433294
0.856469
0.058483
1.434586
3.195409
0.919516
1.070428
0.355307
0.355307
5.044230
0.348997
1.359995
2.484347
1.961181
0.109508
3.500273
1.018449
1.018449
0.683986
1.467221
1.680216
3.735438
0.625208
3.851963
0.154292
0.267981
0.276103
0.919347
0.339036
0.121373
0.738332
1.021973
4.883944
1.803276
2.598685
1.242112
1.242112
1.229695
2.429016
3.177027
0.211956
0.211956
0.211956
0.211956
3.934789
1.014933
0.405325
0.405325
0.074321
0.074321
0.074321
3.228129
1.316760
1.316760
0.834670
4.304121
0.739381
2.479557
0.564973
0.172617
0.172617
2.308472
1.869448
4.506840
1.091697
2.250314
1.453165
0.494980
1.337272
0.659700
1.212338
8.172672
5.788602
0.030007
3.836523
0.220628
0.695441
0.695441
0.050603
0.697262
0.697262
0.234266
0.491483
1.095303
3.933528
0.322826
0.092907
0.092907
1.120211
0.151251
5.007674
1.680496
1.680496
0.125250
0.626459
4.223997
4.223997
1.678953
0.047718
0.607603
2.151455
2.151455
2.151455
0.560310
0.580059
1.737857
0.396534
2.156459
1.801145
0.625972
0.625972
0.200140
0.405265
1.432443
1.204041
0.794954
3.195409
1.226581
1.226581
0.723874
0.723874
0.273409
0.273409
0.273409
0.275993
0.834511
0.143675
1.775808
0.018609
0.018609
0.550235
0.582150
1.988160
4.007817
1.325485
0.663685
0.663685
2.059253
0.317217
1.023241
1.023241
0.314109
4.145757
1.334930
0.719356
1.092266
0.820761
2.652710
0.882211
0.119538
0.101993
1.945861
3.310280
2.201063
2.201063
1.225337
1.519119
1.746045
0.290368
0.401910
0.698282
0.698282
1.057310
1.057310
0.724987
0.172566
0.172566
0.172566
4.295271
4.295271
2.117831
2.117831
0.847583
1.489420
1.138190
1.138190
0.310783
0.288092
1.364535
1.364535
1.676992
1.644580
0.899955
0.877274
0.304545
1.620386
0.793089
4.485745
4.485745
0.998632
0.143927
0.134885
0.134885
0.134885
0.134885
0.649573
0.153835
0.153835
2.539556
0.345419
0.561707
2.041295
1.143282
2.704302
0.762261
0.059721
1.013673
1.481164
0.843239
1.648010
0.616207
0.616207
0.616207
0.707131
2.454662
2.641748
0.140303
0.140303
0.244683
1.362604
1.723057
1.189099
0.564372
2.011952
0.331423
0.331423
0.331423
1.872157
0.451306
3.520235
0.824563
0.995873
0.009920
5.185478
1.512956
0.052166
6.007936
1.919297
0.436414
1.175207
1.175207
1.175207
0.172617
0.462605
0.672260
3.835933
0.016293
2.861695
0.461546
1.050563
0.886999
0.275553
0.275553
0.035669
2.591971
0.287981
0.800095
1.458965
0.128288
0.128288
0.128288
0.103905
0.268747
0.268747
3.057109
3.576293
0.745990
0.814602
0.593734
0.082811
3.617585
0.401013
0.401013
0.033186
0.090717
1.198942
4.895868
4.895868
1.602693
0.870879
0.071006
0.324871
1.083191
1.083191
1.970688
1.106078
0.594550
1.140538
1.191123
0.692533
0.811925
0.595775
0.595775
0.653672
0.072446
0.207797
0.207797
0.207797
0.598638
1.654893
1.654893
0.106999
0.120579
2.263504
3.015868
2.686084
0.432989
0.161208
0.161208
3.555576
3.555576
4.139960
0.157593
1.018720
0.640074
0.640074
0.007572
4.251011
1.626331
0.401431
0.127790
0.054063
1.796134
0.300009
0.993386
0.516399
0.516399
1.273986
0.893546
0.893546
0.893546
0.710729
0.500339
2.858922
1.301094
5.620393
0.890808
0.027814
3.426121
1.602294
0.479461
0.060960
1.061484
3.016552
1.281927
0.333308
0.333308
0.616069
0.977668
2.864783
2.864783
0.902877
1.605227
0.987981
0.893795
0.491101
1.298372
1.298372
0.541868
0.207166
0.751873
0.751873
0.440154
0.333709
0.333709
0.333709
0.045074
0.497530
3.079411
3.980907
1.036063
0.767597
1.978714
1.978714
0.768590
2.657278
0.012826
0.012826
3.137586
1.596311
1.596311
0.181529
2.419339
2.419339
2.079625
3.758815
3.509745
0.817441
0.817441
4.099292
1.224612
1.120984
1.419651
2.439687
0.211271
2.426475
2.426475
3.068750
3.068750
3.068750
4.987179
4.987179
0.346976
3.092305
1.225337
4.799659
3.481505
1.376635
1.376635
0.095832
0.063012
0.063012
0.114539
0.114539
5.467406
0.962287
0.651692
2.454662
1.909619
0.058674
1.246099
0.385306
0.701129
2.348463
2.348463
0.112465
0.820681
0.584581
0.733248
1.442110
1.442110
1.872476
0.009322
0.009045
2.955565
1.852984
2.451373
0.285266
1.147998
1.155693
0.346226
0.568446
0.915718
0.641267
1.894651
0.612759
2.231959
1.697007
0.095783
2.669711
1.552894
1.552894
1.552894
0.677428
2.077429
0.174210
0.204173
1.823981
0.796744
0.617174
0.543840
0.086686
3.751541
0.423731
3.742635
1.357164
1.357164
1.357164
1.038897
3.483371
3.483371
1.129708
1.342416
1.342416
7.065349
0.792002
0.167797
0.167797
1.725514
0.274673
0.828693
0.891637
0.660909
1.244734
1.244734
0.937966
0.937966
1.584153
1.584153
2.983405
3.023751
1.422603
1.264491
2.387749
0.210376
1.485225
0.329711
0.827421
0.097052
4.002528
0.756035
1.507194
1.507194
1.609103
0.675345
1.649384
4.344188
0.196274
0.196274
3.422979
1.692898
0.567577
0.153683
1.606162
0.260502
6.164024
6.164024
0.343001
0.466286
0.110789
0.826071
0.588032
0.254794
0.254794
5.604949
0.493771
1.391956
0.350384
0.350384
0.088481
4.542356
0.340931
0.804081
3.927866
2.499049
1.081872
0.100034
1.074733
1.074733
8.673131
8.673131
3.337989
0.668824
0.668824
3.649057
3.361046
4.247122
1.597107
2.995834
1.293810
1.463330
2.971743
1.321502
3.641775
0.312586
0.312586
0.312586
0.312586
3.226948
1.430066
0.316312
0.783488
0.365143
5.408979
2.158773
2.158773
1.790083
0.045640
0.457504
0.336341
2.351752
1.426745
0.130983
1.197823
0.607054
1.734507
0.018284
2.559092
0.312643
0.897372
0.986655
0.300009
0.754368
0.754368
1.950222
3.167920
1.757377
2.382585
7.254789
4.143581
1.930860
1.087911
0.726100
0.726100
2.342996
1.266407
0.067027
0.263882
2.234799
2.234799
2.234799
0.818231
0.818231
0.060007
0.727512
1.047155
0.284823
0.217185
0.585392
0.585392
0.574745
1.322276
2.086048
0.717287
0.401850
4.119131
1.609772
0.144632
0.144632
0.587897
0.587897
0.105967
0.105967
4.355836
1.008373
0.259522
2.467651
2.467651
0.213539
0.213539
1.639383
0.865164
0.865164
0.420698
0.420698
1.117123
10.767498
10.767498
0.221848
0.803298
5.373997
5.373997
3.608423
1.084134
1.645540
1.331923
1.331923
5.198604
1.691625
1.260031
1.542105
1.518489
2.418879
1.259077
0.526704
0.526704
0.058055
0.812161
8.643718
0.768514
2.341687
0.049183
0.049183
0.455084
0.479335
0.072831
9.668946
0.447909
0.576559
0.227005
2.749410
2.749410
3.601841
0.393139
0.393139
0.393139
0.013658
1.540571
2.627432
0.650208
0.060198
1.113753
1.113753
0.147862
1.248412
1.487691
1.177112
0.116072
3.359326
2.842388
1.074639
0.178535
1.181030
2.088256
0.136087
0.776558
0.101356
0.101356
2.713775
2.332122
1.661391
0.841634
0.493389
0.493389
0.493389
4.874473
4.874473
1.444026
0.659985
0.003391
0.003391
1.051301
0.671830
0.105132
2.593260
0.654026
0.654026
1.478218
0.242529
1.151841
1.024056
0.634893
0.442242
0.186549
0.148620
1.760334
0.754141
8.749289
2.838131
0.154901
1.249886
3.801489
0.814523
0.246679
2.958524
0.460301
3.499801
0.233142
0.233142
3.232467
0.408087
1.534829
0.584648
0.155205
1.401714
1.401714
1.508319
0.185305
2.903608
1.259289
1.259289
4.238601
0.849194
3.577287
3.577287
3.973769
0.626389
0.374221
3.082624
0.244791
1.243055
1.581786
3.156989
0.963417
3.010749
3.010749
1.062692
6.077357
0.312699
2.089362
0.539505
0.151909
1.200674
0.188312
4.214086
1.802667
3.939844
1.383527
0.091836
3.585760
1.680075
0.231379
2.285609
4.009142
1.858505
1.858505
0.126644
5.857452
1.732762
2.662671
1.744580
1.114138
5.129890
5.129890
1.236987
2.146086
0.043612
0.043612
0.293927
0.883036
6.549784
6.549784
1.645677
1.645677
4.411130
2.015808
2.015808
1.014303
3.764999
3.764999
0.109409
0.056771
0.452791
1.811524
0.175239
4.747796
1.315989
2.507794
1.512329
0.036606
2.065408
2.065408
2.941186
0.373810
1.919790
1.774761
1.071176
1.071176
1.071176
0.677644
2.779183
0.253384
1.792803
1.792803
3.123196
0.597751
0.492881
0.386846
0.163299
0.191482
0.191482
2.664563
2.106043
2.106043
0.499444
0.499444
2.624796
2.976397
3.475455
3.475455
0.313940
0.313940
0.006882
1.682603
1.682603
1.226684
1.226684
0.444088
1.145442
0.549244
2.040403
0.474617
1.396246
2.475022
2.088625
5.896594
0.451244
0.095832
1.553410
1.553410
2.665916
0.472232
1.810758
0.833154
0.833154
3.500273
1.349040
0.330282
0.330282
0.330282
2.046123
0.241239
2.782690
1.994202
1.312141
1.312141
0.180857
0.180857
2.249493
0.051455
1.346904
1.022788
1.022788
2.972739
2.652441
0.782408
0.688471
0.329996
1.332145
1.563631
2.573022
0.536491
0.320614
0.743132
0.752628
0.752628
0.707718
0.207114
1.374459
0.955347
0.610832
0.610832
0.410974
4.569074
0.265028
0.081795
2.587082
2.209027
0.380756
0.442980
1.634883
1.463573
0.644851
0.591763
1.099204
4.272978
0.463353
0.623542
2.309325
1.789328
0.492245
0.492245
2.954253
0.138545
0.138545
0.295543
0.786114
0.786114
1.117991
0.318801
0.281892
1.172703
0.010842
1.731019
1.267472
1.820895
1.820895
1.820895
2.546539
0.786037
0.995873
3.597301
0.765079
5.671714
0.925697
1.556895
0.599935
0.148570
1.581129
1.581129
2.433414
0.983565
0.740730
0.197840
1.532919
1.532919
5.846131
0.374339
0.374339
0.107736
1.216453
0.635382
0.422335
0.238016
0.971794
1.083191
1.083191
1.639383
1.639383
0.419184
0.419184
0.419184
0.908571
1.740046
2.008106
1.845602
1.871838
1.871838
1.985062
1.288829
1.288829
0.446983
0.019026
0.006285
0.552284
3.625263
0.320217
0.320217
0.320217
2.224477
1.283004
1.326925
0.196065
0.195492
4.426809
1.477728
1.477728
1.546463
0.177092
5.111809
0.906307
3.178169
2.599721
0.823057
0.258923
0.390049
3.805534
0.326635
2.779183
4.689299
5.359251
5.359251
0.676925
0.248947
0.248947
0.281009
7.368616
2.319820
6.109273
0.647809
2.070860
8.452551
0.108228
3.058515
0.700325
2.943465
0.107146
0.701494
0.515883
2.111271
0.730042
0.845249
7.025212
0.724690
0.084650
0.084650
2.533843
2.240496
2.965449
1.462966
0.298668
4.913933
4.913933
3.299503
0.625347
0.907061
0.021067
0.071150
0.095832
8.749289
0.100572
0.003758
1.273879
1.133602
1.133602
1.380307
0.374104
4.085279
1.186270
1.186270
1.723924
2.213025
0.119290
0.074946
0.823532
1.823826
0.464288
1.466856
1.466856
0.233998
0.089307
0.481353
0.127740
0.056866
1.726816
0.617243
1.021702
0.389989
0.954655
0.954655
1.048444
2.441085
0.935145
0.475371
2.578630
2.059434
2.059434
1.153420
0.074032
0.074032
3.859143
0.604723
0.447847
0.447847
0.081650
0.081650
4.608088
0.149985
6.697444
0.331252
3.785415
1.832965
0.728554
4.519827
2.379004
0.515366
0.304321
0.304321
0.717066
1.586393
1.586393
1.586393
2.486987
0.173799
0.173799
1.991092
0.135486
0.135486
1.333481
2.020554
0.440338
2.342996
2.342996
1.566360
1.566360
1.253260
0.158153
0.065162
0.155358
0.155358
0.173337
0.173337
4.265095
2.866020
0.027208
0.798614
0.554005
1.126795
1.260243
1.145147
1.145147
1.695447
4.330987
3.381408
1.842159
0.689703
0.689703
2.112581
2.112581
2.112581
2.112581
2.112581
0.595979
3.148002
0.479524
1.483870
1.005955
0.839229
0.257999
2.187620
0.144834
0.144834
0.596865
2.075967
1.942514
1.942514
5.808267
2.149152
0.410191
1.731891
2.320895
1.698711
1.558835
0.023576
3.223410
3.223410
0.493580
1.507694
0.885264
0.885264
1.426152
1.134772
0.166774
1.286561
0.480407
0.480407
1.202918
1.186573
0.196587
6.288975
1.522905
2.721902
0.072014
0.072014
0.291368
0.291368
1.095683
1.095683
2.400169
1.366128
1.366128
2.161672
0.940020
0.940020
1.750156
1.021431
2.634308
2.634308
3.308617
1.500457
1.475278
0.711023
0.698793
0.698793
0.248460
0.412419
0.499508
3.956390
3.414037
1.006044
0.814917
0.200140
0.255283
2.862312
0.882706
0.882706
0.997386
0.997386
0.997386
0.545618
0.135486
1.067628
0.976877
1.187078
0.147509
5.510063
5.510063
5.006385
1.005955
0.476754
0.193511
1.880152
2.309752
0.382882
0.912182
0.912182
0.553277
0.142064
6.220849
3.328274
0.314900
0.823532
1.139461
0.242529
0.192730
0.604038
3.256754
3.256754
0.376926
1.101110
2.135214
1.072205
2.770160
2.770160
3.722242
3.722242
3.722242
5.443072
2.045944
4.313835
1.552636
0.246463
0.246463
3.732679
0.959854
3.579774
1.116352
1.116352
1.671262
2.510721
2.510721
0.219250
1.917159
1.917159
1.980255
0.052593
1.026958
1.026958
1.350279
1.510699
1.558706
0.483058
0.483058
2.922761
2.095087
0.286152
0.626042
0.626042
0.703688
6.843595
0.008078
0.112120
0.112120
1.383527
1.786765
1.049733
1.049733
1.049733
1.274200
1.274200
1.274200
2.639885
0.973983
1.728699
1.728699
0.104886
0.554999
3.154362
3.154362
1.281282
1.281282
3.183894
5.563279
0.569315
1.439359
1.439359
1.552765
1.552765
1.655583
6.066867
6.066867
0.469850
0.469850
0.469850
0.469850
2.635899
0.549574
0.363509
3.686539
0.834112
1.443427
0.043235
4.575829
1.966097
1.966097
1.588371
0.670541
1.225233
1.225233
0.249595
2.648155
1.910436
0.288924
0.773565
1.899515
1.899515
2.634043
0.553740
0.024599
3.609438
3.609438
1.830791
1.199757
1.199757
0.229991
0.997742
1.408371
0.824722
0.003804
1.460540
3.802643
3.802643
3.802643
1.557025
0.256477
1.005507
0.368241
0.263773
4.442655
4.442655
3.013819
1.540698
3.448759
3.448759
3.448759
3.448759
6.438622
1.357956
0.649149
0.322089
0.884438
1.246624
0.476377
0.476377
0.656648
0.656648
0.656648
0.656648
0.142215
0.324189
0.324189
0.324189
0.752628
0.595571
1.772670
0.195700
0.217767
1.994722
1.349153
0.356816
0.237587
0.693260
0.693260
5.567020
0.829330
3.086919
4.062442
0.448217
0.448217
1.742531
1.523916
1.523916
1.336826
7.035146
0.034076
0.034076
0.103610
0.361410
0.361410
0.051977
1.503447
1.503447
1.503447
2.191167
0.973019
4.799659
0.260012
1.173604
1.672797
1.789630
1.062878
2.532357
4.674766
0.361818
0.367188
0.367188
0.367188
6.981307
1.235213
1.045867
1.645540
1.645540
0.966553
1.837789
1.837789
4.548041
0.106163
1.481287
1.481287
0.048616
0.039564
0.259413
1.421421
0.597615
0.459243
0.114638
3.079767
0.583297
4.207262
4.021120
0.201501
0.594890
2.104739
2.802722
1.511200
3.037560
3.037560
0.673550
2.176445
0.198572
0.198572
6.166814
0.920784
1.716430
1.716430
0.746743
3.056407
0.478957
0.478957
0.106409
0.838348
0.838348
2.202652
1.539804
0.205695
0.205695
0.201658
2.226900
0.491165
1.819355
0.641969
0.641969
0.049420
2.717973
3.066626
0.375985
2.261229
2.261229
4.114858
0.315408
1.051301
1.051301
3.102773
2.071589
1.051947
1.051947
1.051947
0.645062
1.705831
1.759447
2.323048
0.108130
0.618625
1.849681
0.194658
0.194658
0.194658
1.091129
0.480470
1.649384
1.391840
0.888820
0.888820
0.888820
0.888820
0.086831
0.432744
1.577587
0.112317
0.112317
0.112317
0.112317
3.552640
4.346677
2.185654
0.483437
0.419850
0.449823
0.449823
0.449823
0.449823
0.916477
2.285189
2.805393
1.009539
0.302304
7.060272
7.060272
7.060272
4.988452
0.206483
2.278275
0.053636
0.053636
0.162636
0.162636
0.380284
0.222645
1.894165
1.894165
0.730713
1.178417
0.749758
3.655850
0.222008
0.232287
0.212115
0.212115
0.816021
2.337114
2.337114
2.337114
0.300792
0.406525
0.945685
0.945685
0.945685
0.945685
0.945685
2.934696
0.076246
1.090466
0.470539
0.470539
0.548320
1.806936
4.041300
1.556120
1.906678
1.629041
0.217556
1.325042
0.656932
2.964127
0.205800
0.128438
0.850889
1.469536
1.469536
1.469536
0.120629
0.120629
1.686966
6.564277
6.564277
1.323935
3.651666
3.152489
3.152489
3.152489
1.138190
2.341469
0.123757
0.365026
4.815460
1.219133
1.792652
1.503447
1.488432
4.299287
0.779403
0.779403
0.779403
5.720698
1.148884
0.539440
0.917996
0.927140
2.646283
0.871043
0.871043
1.808464
0.161922
0.430608
4.211049
4.211049
0.780019
0.060913
0.352235
6.335132
0.289979
0.502769
1.849524
1.849524
2.918591
3.079054
3.897412
3.897412
0.673981
1.596709
0.206220
1.163528
0.601233
2.671068
5.908304
1.281605
1.281605
0.106999
1.730004
0.821710
0.821710
0.368358
0.717878
1.761815
1.761815
1.790687
1.790687
0.695150
1.612184
0.065879
0.065879
0.065879
3.916607
0.866794
0.866794
1.637745
1.637745
0.716401
1.671262
0.045262
2.379227
0.788823
2.970415
0.109656
6.295048
0.438681
0.561441
0.561441
1.711694
2.110523
2.877821
0.114687
1.243894
1.872476
0.677069
2.728379
2.728379
0.353451
1.036246
0.601643
0.601643
1.723491
1.792198
1.038897
0.806116
1.018630
7.814733
1.194977
3.392791
0.294373
2.977063
2.977063
1.115197
3.480107
0.525274
0.525274
0.217926
0.402389
0.402389
0.572866
0.572866
0.572866
4.075548
0.439847
1.797044
0.589930
2.504874
2.504874
1.950390
0.704273
0.696679
2.177422
4.813192
0.108622
0.729223
0.698282
2.647620
0.030287
3.124666
0.798068
0.708232
1.115197
3.537075
3.537075
2.252778
8.572615
9.505147
2.370976
2.370976
2.370976
0.049846
0.228817
1.263322
0.367773
0.144532
0.040740
0.577770
1.032414
1.032414
0.311741
3.764436
5.153867
0.162024
1.973074
2.482190
2.482190
1.763891
1.763891
0.547858
0.967338
0.967338
2.274933
0.316256
0.190650
0.944997
1.366014
6.139138
6.139138
2.112206
0.163963
0.163963
0.163963
3.070521
6.779208
6.779208
0.062057
1.204143
2.249083
2.574804
0.255934
1.166813
1.166813
1.166813
0.525729
0.797600
0.797600
0.797600
1.504196
3.597301
2.888774
2.888774
4.886321
0.482173
0.482173
1.195383
0.044083
0.145389
0.529177
0.529177
0.196587
0.121572
2.887204
0.143675
0.114737
2.832675
0.017034
0.248298
0.248298
7.936893
7.936893
1.158565
1.158565
1.158565
1.158565
3.425222
4.973249
0.032157
1.052870
1.052870
2.059253
0.372753
0.323735
0.323735
6.077357
5.741589
0.251434
0.251434
1.064832
2.032929
3.051498
0.136187
0.136187
3.441932
1.199655
4.018450
4.018450
2.290028
0.813027
3.550197
2.540302
0.480659
0.197475
0.133483
1.413531
0.194918
0.970919
1.292943
0.060865
1.058607
1.139265
2.008979
0.153937
1.400083
1.400083
1.052963
2.597392
1.035972
1.321944
1.321944
1.321944
0.722095
0.389158
0.522677
0.680091
0.648655
2.423939
0.970045
0.979162
2.311248
2.311248
1.474299
0.341850
0.214067
0.214067
1.899840
0.503793
2.037730
2.037730
1.736545
1.987643
2.142071
0.917152
0.476377
2.427399
0.785110
4.063816
0.129535
0.129535
0.129535
1.833742
1.833742
1.122048
0.063298
0.063298
0.455456
7.789802
2.582722
2.642547
0.273080
0.625972
4.948248
2.782983
3.157364
0.343634
1.134382
0.257509
0.257509
0.257509
1.067255
0.751570
1.359202
1.359202
1.359202
2.705414
0.138144
0.138144
0.203334
0.379105
1.740776
0.145742
0.145742
0.145742
0.711906
0.353162
0.353162
0.353162
0.353162
3.664780
0.902793
0.018099
0.018099
2.606991
2.606991
0.729223
2.058170
0.373869
1.643074
1.643074
1.643074
0.512400
0.687095
0.440154
0.440154
0.440154
0.367480
0.728033
2.569718
1.067068
0.514269
0.164422
2.273891
2.709867
0.039329
0.039329
0.039329
0.837868
1.515972
0.241615
3.022377
3.022377
2.528400
1.362604
1.362604
0.944825
1.069494
0.793555
0.793555
0.541343
2.407899
0.570252
1.365104
0.511627
1.225440
2.782690
0.363450
0.363450
0.766071
0.766071
0.213908
0.089696
3.412255
3.412255
0.442980
0.170616
0.191326
4.082493
4.082493
4.082493
0.540752
0.350615
2.194920
0.275003
0.215916
1.323160
1.323160
1.393578
0.588845
1.479568
1.178015
0.791303
0.824880
2.507307
0.749155
0.111035
2.317243
3.342232
0.687674
5.576413
2.885323
0.928075
1.558576
0.433355
1.002378
1.002378
1.093594
0.885925
0.640284
2.265161
0.251164
1.134089
1.134089
1.747806
1.134284
1.134284
0.183649
0.183649
0.791614
0.791614
1.899028
2.870047
2.870047
0.561374
4.200470
0.074946
0.136338
1.376979
0.080829
0.341448
0.093783
2.572004
0.407606
2.167292
6.507127
6.507127
6.507127
2.216832
0.080829
0.504946
0.131633
0.131633
0.533418
0.533418
0.608907
0.945255
0.168156
3.365787
3.365787
0.395938
2.300176
1.547490
1.547490
0.101160
1.717293
0.828296
2.019146
2.019146
0.060531
0.501617
0.118695
0.378221
0.264810
0.117012
1.295438
2.119147
0.005365
0.528722
0.098958
1.230111
1.218205
6.729617
4.063816
1.975464
0.240862
5.758515
0.888903
2.917950
2.917950
0.467035
0.287537
0.325895
0.629450
0.629450
0.196953
0.196953
0.196953
0.196953
0.334281
0.278416
0.278416
0.247002
0.547727
0.547727
2.720217
0.934975
0.934975
0.687312
0.628337
5.508261
1.137310
0.832436
0.380638
0.825039
2.770740
2.026552
0.227698
0.227698
3.320297
0.824484
0.124404
0.193303
1.320950
2.989103
1.357051
0.844847
7.725275
1.444506
1.444506
1.981627
1.289586
0.101209
1.019533
0.557718
1.065950
1.065950
3.088712
3.088712
0.675201
1.226062
1.396362
1.396362
2.077794
0.974421
2.244579
2.509013
2.509013
1.629854
0.302192
0.689268
0.113403
3.130189
3.918478
1.616212
1.311044
1.311044
0.692460
0.325383
1.206699
1.042378
1.042378
0.313771
0.472859
4.254910
1.880152
1.880152
0.469850
0.854283
1.377437
0.261537
0.479965
3.705908
0.379518
1.464059
0.492817
1.015383
4.687214
2.921798
2.921798
0.178123
0.178123
0.136037
1.657516
3.505475
1.004523
1.443787
0.063680
0.299450
0.299450
0.161310
2.447390
4.504072
3.950005
3.772339
1.001575
2.796802
3.476385
1.092646
0.615517
0.615517
0.615517
0.235604
0.435496
0.394389
0.693114
3.871791
3.871791
3.871791
0.939250
1.164921
1.758855
0.096759
0.016571
2.866639
0.497530
0.497530
0.497530
1.593792
2.079258
10.959248
10.959248
1.854244
2.229933
2.229933
2.229933
0.047670
1.051578
0.157695
0.157695
3.191945
3.191945
3.191945
1.453044
3.828275
3.019291
3.019291
3.053950
0.753385
3.219881
3.219881
0.202025
2.734034
3.184659
3.184659
0.446798
0.446798
3.609946
3.609946
1.031413
0.514785
0.514785
1.446906
0.505844
0.401132
0.619109
0.312699
0.722613
1.107610
2.264954
0.452482
2.174688
2.005315
0.279298
2.303999
2.795917
0.692824
0.260120
2.261229
0.752553
0.752553
0.752553
0.743132
0.743132
0.743132
0.497530
1.216968
1.667083
0.493835
0.119439
0.756793
0.018701
0.472294
1.119922
0.002749
1.202918
0.624236
3.708075
1.011605
0.627154
3.465735
0.527485
1.485348
0.031829
0.702883
1.344434
2.267858
0.658493
0.130883
1.292509
1.958645
1.602560
0.021531
2.003051
0.725655
0.116566
0.896872
7.231888
7.231888
0.059197
0.865245
2.221656
4.898264
0.294429
0.294429
0.794721
0.794721
0.381819
0.191430
0.410913
0.410913
5.016730
0.111134
0.111134
0.296882
3.043816
0.973282
0.224770
0.630844
2.977063
1.874870
0.660838
1.000772
1.000772
1.890932
2.357472
3.661622
3.183511
3.864550
3.864550
3.864550
0.022646
1.157376
1.157376
5.929615
5.929615
2.390450
3.185041
3.185041
0.641407
0.641407
0.790528
0.790528
3.400281
3.400281
0.357222
2.539307
2.708474
0.258434
1.036154
1.311812
0.586610
0.189714
3.943012
1.196806
0.756868
3.663200
1.091697
0.695368
0.695368
0.555198
1.171903
1.171903
1.171903
1.171903
0.841313
0.843641
7.589504
1.594720
0.367597
1.322386
1.513082
1.530505
0.750211
0.750211
2.217635
2.217635
1.990919
8.931835
8.931835
1.272810
1.272810
1.272810
0.093248
1.953922
0.438497
0.421668
0.481290
0.094368
0.094368
1.160746
1.367950
1.367950
0.129885
0.287537
1.218514
1.218514
0.153430
0.153430
0.153430
3.029260
0.386550
0.361352
0.361352
2.032929
1.565060
1.565060
5.808267
2.372534
0.084650
1.693322
1.693322
1.201489
1.733925
2.177617
0.605339
2.562373
0.221318
0.221318
3.495088
3.759376
0.709847
0.977843
0.449020
0.449020
0.449020
1.081872
1.081872
2.310393
2.310393
1.028411
1.460419
4.110596
0.338462
0.319141
0.877109
0.072110
2.389099
0.508283
2.404256
3.044861
0.547331
2.518552
0.593462
0.858739
2.332772
6.316499
0.129236
0.542131
1.964909
1.337607
0.031642
3.051148
3.051148
3.051148
3.051148
1.734944
0.518209
0.246625
0.361585
0.522807
2.702082
2.702082
3.750425
0.128737
1.228033
1.824599
1.137896
0.478390
1.295221
0.465224
0.241615
0.338405
0.175085
2.215428
2.215428
0.549706
1.086494
2.066497
0.084214
2.860462
0.525274
0.500914
0.002657
2.725560
1.223163
0.419729
0.056485
0.056485
0.016154
0.689848
1.385255
1.385255
1.385255
0.732577
2.261022
0.381110
0.381110
0.381110
0.151301
0.151301
1.796741
0.063776
0.865245
0.126444
0.852181
0.852181
0.852181
4.193708
0.859307
3.269249
3.031331
0.397011
0.906224
1.117895
4.211049
1.680356
0.504434
0.696970
0.440768
0.254035
1.714994
1.714994
1.086399
0.679947
0.007158
1.589163
1.319074
3.585760
0.121423
0.121423
0.126693
1.303493
1.560907
2.532357
1.141125
0.325668
0.325668
0.664327
0.265465
1.628769
1.934680
0.463290
0.671114
3.017236
2.973735
0.249595
0.249595
0.182614
0.182614
0.182614
0.182614
0.337831
0.337831
2.099163
1.074452
2.046123
2.046123
0.900038
4.578733
4.578733
0.878013
0.350904
0.350904
0.065066
0.065066
1.021702
1.021702
0.352930
0.352930
1.065111
1.065111
1.440554
0.748250
0.748250
4.362532
0.203230
0.019953
0.344325
0.182408
0.526379
0.159476
1.726237
0.179051
2.940861
1.510573
2.265783
1.286669
0.573201
0.573201
0.750740
2.665104
1.084417
0.988334
0.988334
0.832117
0.844847
1.198026
0.010151
2.775101
2.775101
1.747659
1.049088
1.049088
2.856153
1.923416
1.287749
1.287749
0.015969
1.331033
0.700983
0.478957
3.622699
1.943350
1.943350
0.782331
0.782331
2.262263
1.597638
4.795174
1.962197
2.204840
0.121224
0.552152
0.377044
0.377044
1.819355
2.266405
0.796822
0.820365
0.820365
0.969870
1.248307
1.248307
1.248307
2.930169
2.930169
2.930169
0.674124
0.674124
0.255934
1.593130
2.809260
1.440076
0.731682
2.680606
2.680606
2.680606
3.711876
0.512014
0.010059
4.178790
4.434711
2.930492
2.930492
2.425553
0.253222
0.253222
0.434272
3.298265
0.655655
0.290923
0.447538
0.447538
0.687964
0.760284
1.475890
2.908692
0.392306
0.069806
2.992801
2.992801
1.278381
1.278381
1.278381
1.786313
1.312251
1.312251
0.128887
0.125051
2.414523
2.414523
0.338175
0.722761
0.240110
0.240110
0.192522
0.209270
0.040693
0.553211
0.263336
0.558383
1.168907
2.964788
2.009678
1.298154
1.671960
3.496029
1.754720
1.132140
0.458808
0.932927
0.259250
0.446798
0.789675
0.789675
1.223783
1.223783
1.223783
0.405085
0.149176
0.714336
0.271323
0.271323
0.271323
0.737808
1.375489
4.745628
4.745628
1.442110
0.258760
0.295264
0.295264
0.295264
0.033280
1.331033
4.937132
0.909662
1.232191
3.859143
1.791896
1.791896
0.448835
0.173645
1.153223
2.948685
5.511867
2.521991
0.910165
0.848711
2.986419
0.593938
0.593938
1.217998
1.871041
1.871041
1.407669
0.586339
0.768132
0.768132
0.037310
0.037310
1.609103
2.425091
0.026462
2.152224
6.310338
1.488555
0.770884
0.770884
0.210902
0.544696
0.006974
0.253655
0.953617
1.752216
0.181684
0.036841
1.640475
1.470756
0.701129
0.858902
7.553873
1.003450
5.207419
5.207419
0.031082
0.031082
0.002887
5.460413
0.527029
0.319877
0.954049
0.821235
0.870307
3.978307
3.199653
3.199653
0.692678
0.398921
2.486747
2.486747
0.254360
1.060556
6.897173
1.621465
0.396176
2.209226
1.016104
1.474788
1.389642
0.613448
0.613448
0.613448
0.097296
2.823927
3.170570
3.740971
1.331923
0.580261
2.940211
1.651723
1.076609
1.076609
2.542794
0.267270
0.486093
0.764088
3.683335
3.189256
0.012365
0.087899
7.400064
0.704713
2.207630
2.939236
1.677972
1.065205
2.332122
5.943992
5.943992
5.943992
1.145540
1.192643
1.192643
0.656081
0.795732
4.007817
2.273891
0.731756
0.731756
0.731756
1.377323
0.327546
0.327546
1.199757
0.726100
0.812004
0.812004
0.812004
0.778095
1.175808
0.632239
1.754573
1.297502
0.329426
1.988849
0.695441
1.790385
1.790385
2.186047
2.409495
0.645062
2.918270
0.683409
2.532604
0.547199
0.609182
0.818389
0.988954
1.279455
0.214436
1.068561
0.204121
0.216709
1.271634
3.592272
0.154596
4.140683
4.140683
0.027627
0.027627
0.027627
3.457911
0.273025
1.902604
1.695731
0.667109
0.667109
1.135162
2.447858
0.805255
0.194553
0.307127
1.712698
1.001396
0.159934
0.090814
1.006044
0.097003
0.324758
1.655583
2.474069
1.947872
5.346264
3.194253
3.194253
1.540571
1.540571
2.018970
4.738066
4.738066
0.444026
5.255327
5.255327
0.951198
0.738482
0.738482
6.064257
6.064257
0.147559
1.733053
0.437578
0.437578
0.632378
4.593339
4.593339
0.748627
0.748627
0.142517
0.464725
1.090371
1.801906
6.298093
1.775210
1.044214
0.819732
0.819732
2.385726
1.494990
1.247781
2.120464
1.152433
1.152433
0.653814
3.178550
0.807919
0.779865
1.255478
2.304637
0.723948
0.658351
0.192314
0.813342
0.902961
1.510448
2.134264
0.740955
0.316821
0.170821
0.370876
5.412354
3.475455
3.475455
1.295221
1.073796
1.315879
1.179924
1.179924
1.179924
1.179924
0.200506
1.764485
0.236193
1.073141
5.372352
1.774014
0.842758
0.335883
0.335883
0.335883
0.879987
2.028498
0.474617
0.474617
0.769049
2.586055
0.669468
3.302811
4.062442
4.060383
0.298836
3.739863
1.520884
0.729298
1.929203
3.379228
0.815469
2.654858
2.654858
0.039799
0.515366
0.168719
1.864680
2.006884
6.288975
0.921376
0.320444
0.106753
0.170154
0.170154
0.170154
2.217836
2.217836
0.533810
1.621196
1.352420
1.352420
2.226294
2.226294
1.659868
0.241669
3.468043
1.046787
1.120018
0.595230
1.549418
1.794468
1.111927
1.111927
0.009598
1.192441
2.867567
2.440852
2.440852
2.440852
2.440852
0.984182
2.181532
0.019443
0.019443
0.555198
0.119389
1.673076
1.673076
0.186238
0.186238
0.422335
2.826938
2.675966
2.675966
1.154210
0.257455
1.775210
0.162279
0.162279
0.870961
1.222542
0.025623
1.095779
1.419887
0.579453
0.373810
1.411183
1.411183
1.411183
1.237091
0.939763
0.363684
0.363684
1.806173
1.407201
1.407201
0.504498
1.260667
2.752849
0.298612
0.959680
0.959680
0.959680
1.091318
1.793862
0.371932
1.575885
0.207219
5.127094
0.384715
1.150657
0.022275
1.212749
0.509697
0.318858
2.366979
0.554071
1.075389
1.075389
1.236465
1.138385
1.138385
3.524068
3.524068
2.404256
1.152038
0.998454
1.068374
1.068374
1.068374
1.068374
0.008631
3.377487
10.100469
0.191430
0.387735
1.263003
2.139973
1.702409
1.702409
1.702409
1.702409
1.292617
2.456544
0.431706
0.947320
1.170404
1.170404
1.265236
1.290668
1.410011
0.035340
0.035340
0.545749
3.153238
1.228760
1.188290
1.188290
0.995073
3.800335
2.469075
6.111964
4.235515
0.735713
3.637630
1.089046
0.885594
1.130292
1.539420
0.282168
0.282168
0.282168
0.871943
0.871943
9.668946
0.074513
0.284159
0.208586
0.208586
0.933439
0.933439
0.527159
1.065857
1.065857
1.610040
1.505819
0.636221
1.281497
2.214226
2.214226
0.602053
0.102679
0.701275
0.798691
0.061819
0.824246
5.289175
0.587829
1.037159
1.599233
0.286927
0.286927
0.007480
0.631123
3.254348
3.254348
0.131733
0.131733
0.131733
2.242741
1.362604
0.231058
2.219242
2.219242
1.382491
2.158001
3.429720
0.492817
1.834519
0.623959
0.469850
0.769354
0.769354
0.769354
1.067534
1.585075
0.668252
2.263918
1.761964
3.031676
1.982828
0.329939
3.888823
0.062391
1.464545
1.464545
1.500208
1.251994
1.251994
7.159785
7.159785
0.207219
0.385425
0.385425
0.709039
1.699990
0.819416
1.426152
6.186496
1.860560
2.526918
3.590266
0.242529
0.748853
0.748853
0.829728
0.332165
4.576796
4.576796
1.289911
1.289911
1.019533
3.608423
0.215599
1.093025
0.120976
0.686010
1.862302
3.733782
4.262739
0.655655
1.579554
0.851373
0.011442
0.052356
0.389811
2.276394
3.314028
1.232087
0.696024
0.524300
0.524300
0.006974
0.006974
0.006974
1.014663
0.495490
3.295791
3.295791
1.529743
0.236944
0.236944
1.328367
0.845570
0.377338
0.018562
2.535083
1.327924
0.088918
1.951230
0.497530
0.497530
1.053147
0.252301
0.602532
0.957685
1.480796
2.730921
2.730921
3.559009
1.420477
1.238763
3.294967
0.021949
0.021949
1.338166
2.018267
0.293705
2.027790
0.725655
0.478957
4.375169
0.208586
0.615793
1.045316
2.246011
2.985079
4.478477
0.272476
1.091413
0.316821
0.022182
0.022182
0.333251
1.350504
0.857036
0.254143
1.215835
2.631924
0.757627
0.049467
0.049467
0.049467
0.049467
0.049467
0.239841
0.239841
0.239841
0.498870
3.293321
0.526379
1.784657
1.784657
0.242529
0.546342
0.375514
0.068416
0.603490
5.339812
1.568833
0.557718
0.557718
0.772646
0.964897
2.018795
1.184757
0.480911
0.665610
0.665610
0.804002
0.037404
0.037404
0.037404
1.978200
1.651723
2.688830
2.036661
1.157772
1.157772
0.782408
1.068001
1.068001
1.779551
0.956472
1.892710
1.436493
1.194469
0.129485
0.867855
0.867855
0.213856
0.213856
0.520798
2.500988
2.500988
2.500988
1.917816
3.316115
0.634333
0.716696
4.269820
4.241694
2.602314
1.830326
0.311741
0.311741
2.611945
1.738441
1.738441
1.319957
1.319957
1.953081
1.953081
1.953081
2.714893
0.273464
0.698793
0.698793
3.578779
1.734362
1.734362
2.357913
4.701869
0.001832
1.569354
3.654279
0.504626
0.543051
0.801813
0.066788
0.066788
1.287101
0.338520
0.092517
2.859230
0.236033
0.118497
1.811064
0.041540
0.286373
1.039538
1.359995
1.908148
0.844847
1.851096
1.382031
0.578981
1.224819
1.149869
1.823055
0.192939
0.077740
0.399220
0.845168
0.117012
0.175239
0.295766
0.249595
0.858739
0.858739
3.155863
2.518798
1.334261
1.961520
5.307964
2.647887
1.799625
1.799625
2.408127
0.425797
0.425797
0.837228
0.837228
0.431584
2.611945
1.539420
1.401364
0.140303
0.097052
7.266372
0.099985
0.099985
0.807684
0.000687
0.000687
1.463452
1.463452
0.196900
1.258441
5.841626
5.841626
3.753775
2.968427
0.722613
1.462845
1.263747
0.181116
0.360071
1.361809
1.274950
0.956559
4.244018
1.511075
1.511075
2.325850
0.198415
1.276128
0.222167
0.382882
1.777005
2.190575
1.756048
0.989396
1.336826
3.177408
3.267631
1.281282
2.195117
0.077258
1.877909
2.193536
2.193536
1.695872
0.343058
0.397309
1.582706
1.582706
0.209323
3.876031
3.876031
1.091224
0.299339
1.978542
0.044696
0.082424
2.336244
0.230311
0.230311
1.617423
2.144173
0.495044
0.495044
1.462602
0.154241
0.173851
1.629990
4.476666
2.385502
0.476817
0.476817
3.577784
2.055284
0.027534
1.098347
2.499291
0.770119
1.588371
1.826609
0.870388
0.664184
0.721724
1.957126
0.140706
0.140706
0.669396
1.133212
0.161259
2.128388
2.128388
1.546206
2.787086
4.980831
0.485523
4.812060
2.303786
0.016617
0.016617
1.333481
0.812948
2.501473
5.542871
1.351743
1.351743
1.351743
1.351743
1.351743
0.014073
0.979250
1.544411
1.544411
2.305063
3.635562
2.573022
0.506036
0.479020
0.104837
1.194672
0.197579
1.130778
6.144633
6.144633
0.230097
0.230097
0.984359
1.619443
2.883444
2.506577
0.363742
0.485839
0.949387
2.540800
0.319651
0.194710
0.095490
0.753990
2.695994
3.513551
0.148115
0.983477
1.021340
0.855173
1.827073
1.827073
1.827073
2.341251
2.341251
0.045498
2.079625
2.079625
0.589523
0.387853
0.387853
0.160545
1.259183
2.635899
1.816894
0.760664
2.088625
3.973769
2.806582
0.505523
0.505523
1.522778
1.522778
1.373887
1.375375
0.042858
0.042858
0.440891
0.119587
2.213225
0.477509
0.319141
0.319141
0.779788
0.779788
0.779788
0.409830
0.409830
0.455084
2.299964
2.299964
0.289757
4.168435
4.168435
0.541343
0.861257
0.804002
0.804002
0.332623
0.084505
0.084505
1.239286
0.772262
0.024972
5.238685
3.870582
2.386850
0.237694
0.237694
0.877109
2.126120
2.126120
3.343933
1.042929
0.461733
0.639303
1.714276
1.457755
1.457755
1.903581
8.545091
0.410673
2.179378
0.881799
2.752562
1.283111
2.106975
2.029206
0.278030
2.927910
2.927910
1.830791
2.274725
2.274725
0.476502
1.271099
2.508038
2.980732
5.127094
3.221841
3.221841
0.243122
0.243122
0.887496
0.646329
1.166514
1.166514
3.483371
3.483371
1.596709
1.596709
0.553144
0.067841
0.067841
9.381109
9.381109
2.352411
0.848066
1.984374
0.642812
0.642812
0.047859
2.404256
1.742531
1.742531
0.862883
1.055366
1.849210
1.681479
1.681479
1.567271
0.354321
0.386431
6.910871
0.610282
0.815075
0.815075
1.426389
0.007388
2.509013
0.960114
0.729670
0.110986
0.690791
2.866639
1.921273
3.399840
0.494153
1.656411
1.750009
0.228497
0.476817
0.792312
0.592170
0.592170
1.570006
0.257781
1.070989
3.075493
3.075493
1.778652
0.080056
0.762261
0.762261
0.762261
0.999791
3.146137
0.350904
1.152630
1.152630
0.281174
0.808783
0.238875
1.914696
1.914696
1.914696
0.008769
2.550294
2.550294
1.120211
0.354089
0.354089
0.658635
0.006882
1.132822
1.714563
0.601165
0.417429
0.495171
0.495171
0.383473
0.383473
0.454216
2.190181
0.454526
0.682326
0.955001
3.079054
3.079054
3.079054
0.793710
1.229799
1.859295
0.272530
0.219992
1.612855
0.244037
0.244037
0.244037
2.260402
2.260402
0.276819
4.927320
4.927320
5.817091
5.817091
0.167388
5.817091
0.162891
0.162891
0.044225
0.328286
0.109557
1.955270
0.435740
1.251150
0.886338
2.141690
4.143581
0.418700
0.973545
0.143373
0.785805
0.599457
1.691342
1.691342
1.691342
0.173542
2.096197
2.229123
0.034825
2.228517
2.302511
2.302511
2.259576
1.749715
0.779788
0.766910
1.630126
1.236360
0.622987
0.433478
0.433478
0.433478
0.433478
0.362925
0.362925
0.537015
0.537015
3.538528
1.770881
1.770881
2.177813
0.148822
0.148822
0.419668
0.419668
1.620926
0.313827
3.184659
3.184659
3.184659
1.082814
0.680956
0.763860
0.608221
0.922222
1.891255
0.260447
0.751117
1.793559
1.836387
0.257020
1.282250
0.620839
0.620839
0.472294
0.065831
0.065831
1.439956
0.024832
1.933849
2.927910
0.977404
0.010289
0.010289
0.327603
2.921156
5.469159
5.469159
2.562625
2.743127
0.952666
0.952666
0.113650
0.580666
7.154380
0.702298
0.702298
5.698048
1.164722
0.318462
0.318462
0.945341
0.562973
0.562973
1.686684
1.273344
0.846294
0.375103
0.375103
0.374809
0.104003
0.104003
0.339438
0.278526
0.536884
0.536884
0.536884
0.451368
0.033841
0.033841
4.036567
3.349900
1.908638
0.885429
0.755050
0.755050
0.034497
0.333766
0.394448
2.063414
2.063414
2.063414
2.063414
2.329956
2.548040
4.658327
0.847099
0.847099
4.181762
4.181762
4.181762
4.181762
0.757020
0.340644
3.816570
2.721621
0.320217
0.320217
0.320217
1.289803
0.235979
0.136639
2.996509
1.887706
1.887706
1.212955
1.861035
1.861035
0.334223
0.334223
0.127042
0.265684
1.338612
1.338612
0.223920
1.413766
0.398742
1.005865
2.622690
0.274068
0.716254
0.716254
0.115182
0.173696
0.736910
0.736910
0.686950
1.521515
3.965376
3.965376
0.827898
0.827898
2.002529
0.033092
0.703395
0.725580
0.725580
5.443072
1.806631
0.254740
0.254740
4.198965
0.111430
0.111430
0.111430
0.128538
3.305711
0.465724
0.543249
0.487803
1.599765
0.233463
0.602806
0.720688
0.711023
0.228977
1.459692
0.005090
1.143282
1.028229
1.696865
4.436473
0.172515
2.111645
2.111645
2.510476
0.309376
5.483261
1.751333
0.268474
1.304258
0.946889
0.946889
0.629868
0.629868
0.820207
0.820207
0.616000
2.327362
1.159159
4.538578
4.538578
4.538578
0.739306
0.885016
0.885016
3.390156
4.489393
1.603493
0.427987
0.427987
0.487993
0.487993
1.113176
1.113176
0.255771
6.098559
0.569583
0.752477
2.368310
0.542263
0.501042
0.501042
0.502449
5.810468
5.810468
4.613037
1.929534
1.557283
0.572732
1.406032
1.292617
1.187179
0.519179
0.519179
0.127939
0.278912
2.508282
1.822129
1.822129
2.367866
0.294930
1.036337
1.036337
2.076880
1.777154
0.714852
0.750891
5.443072
0.645344
0.772186
4.646116
0.522353
0.522353
1.278703
1.278703
2.028852
2.200269
6.966953
1.738586
0.210955
0.328913
0.328913
0.043329
0.043329
4.166961
0.072975
0.072975
0.485080
1.705402
1.964061
1.063529
2.911240
0.553740
3.064859
0.369294
0.369294
0.369294
0.369294
1.181130
0.075668
2.945747
4.991000
0.747948
0.869734
1.902604
0.209165
0.209165
0.641197
0.373810
2.650029
2.239070
1.655721
0.973983
0.056058
1.429591
1.429591
1.335041
0.042717
1.698569
1.149770
1.552894
2.286660
0.188209
1.387563
0.585730
0.926971
0.414832
1.338166
1.338166
0.184425
1.539165
1.053887
0.946975
0.238768
1.189403
1.722336
0.152112
0.338233
0.306341
1.546078
1.546078
1.560130
2.507551
2.510965
0.679947
2.474545
5.099418
3.253546
0.760208
0.760208
0.557851
3.492268
1.120018
1.120018
0.308645
2.964788
1.330255
1.123403
2.044333
0.151149
0.927820
7.249031
7.159785
0.708305
2.600498
0.034544
0.034544
0.087996
0.087996
0.325895
0.325895
0.361585
1.417765
0.744185
1.245994
1.245994
0.161106
0.310727
1.233961
0.596593
0.825436
2.929846
5.163853
5.163853
1.297611
0.266067
0.266067
0.600276
0.600276
3.766126
1.310276
6.593689
6.593689
0.078222
0.078222
6.943330
0.208481
0.495808
0.495808
1.547875
2.264125
0.195387
1.644443
1.283111
0.251001
0.548452
0.598024
0.340988
0.441997
1.310825
0.640705
0.640705
0.836988
2.124987
2.124987
2.124987
1.981455
1.548132
3.632465
3.632465
1.922427
1.922427
0.764546
0.764546
0.169436
0.276103
3.516889
2.583235
0.883448
0.883448
0.883448
0.883448
0.042246
4.659349
4.659349
0.071102
0.607054
3.107489
3.276959
3.276959
0.633914
3.917230
1.810911
0.870552
0.819811
2.511942
0.014628
0.241938
0.951371
0.951371
0.951371
1.930032
1.799169
0.570989
2.846962
2.013178
1.290668
1.290668
0.105475
1.110870
0.595503
1.498467
0.398921
0.113897
0.113897
6.122775
0.702006
0.702006
4.081101
3.966664
0.212958
0.212958
3.001241
1.288938
0.256368
6.035832
0.083779
0.083779
4.012459
3.514504
3.514504
1.563242
2.480036
0.520409
1.956788
0.569249
1.266087
1.266087
3.977658
1.256959
0.700690
0.305667
0.623473
2.928555
2.928555
2.079991
1.068281
0.435251
0.435251
3.792856
1.012144
1.086116
1.086116
1.086116
1.086116
0.417369
6.209310
5.320622
1.280959
1.280959
1.032414
1.244419
4.585531
2.889088
2.889088
2.889088
0.161820
0.161820
0.161820
0.161820
1.765079
1.016464
0.249703
0.357106
0.357106
2.109775
2.109775
0.286927
0.286927
0.040787
0.040787
2.090099
0.956906
0.956906
1.602693
1.134772
1.134772
0.012734
0.646329
0.063871
1.486457
0.899788
0.327887
0.943279
0.943279
0.443965
0.215863
3.778010
0.848872
0.685793
1.309180
1.309180
0.138746
0.963765
2.262056
1.542233
0.162075
1.999575
1.599632
2.891918
2.891918
2.891918
2.302299
1.563371
5.415736
0.505395
1.386985
0.991434
0.991434
0.432011
0.432011
0.115231
1.868175
1.168009
2.857691
0.175754
3.950005
0.216603
0.133583
1.673076
3.180838
3.180838
3.180838
3.180838
0.019629
0.151048
1.124662
2.884383
2.884383
1.475645
1.066788
1.066788
1.066788
6.209310
1.087911
1.087911
2.857998
2.857998
1.788725
0.115429
2.291925
2.291925
1.664026
1.191427
0.905721
0.087365
0.668109
2.401530
2.994822
2.392930
3.294144
3.294144
0.307352
0.800798
0.325781
0.390108
1.884969
1.884969
3.115870
3.115870
2.707917
0.970482
0.427500
0.974947
0.606025
0.606025
4.258819
0.957772
1.851096
0.415496
0.415496
0.064779
1.887062
3.070167
2.343214
4.006493
4.006493
0.495108
0.495108
1.622410
1.878069
1.878069
1.976148
0.382055
0.383887
1.493131
0.959420
1.319846
5.812672
0.184218
0.260665
1.088951
1.088951
1.088951
1.088951
0.755656
0.620216
2.040403
1.704404
6.018020
3.034096
0.349459
6.178029
0.032017
0.032017
2.174688
0.078270
0.422396
0.422396
2.652173
0.671687
4.227060
1.697859
0.684131
0.153886
0.010105
3.263996
2.355710
2.355710
0.416402
2.777432
2.651905
1.632163
0.665040
1.018088
0.219674
0.821077
3.197722
3.197722
2.652441
0.341850
1.251255
1.251255
1.560130
0.180083
2.160898
3.091585
5.769191
0.255011
0.004401
3.795728
1.136040
0.372577
0.446983
0.141108
1.208850
0.726843
2.218640
0.521510
1.614868
2.143026
2.619537
1.057217
1.057217
4.359180
4.359180
0.652540
0.652540
0.063919
0.340299
1.456546
1.456546
0.106409
0.576223
2.648155
0.330053
2.893177
2.037195
2.147426
1.048167
1.283973
1.339171
0.236033
0.199460
2.905195
0.751495
2.928233
1.893842
1.190212
0.925952
1.031139
1.031139
0.178587
3.210122
0.343691
0.629311
0.629311
0.171077
0.355017
0.164984
1.279455
0.404426
0.502385
0.008585
1.707687
2.860462
2.860462
1.359541
2.367644
2.725841
1.535211
2.362771
1.792500
1.250412
0.647880
2.264540
0.963591
0.963591
3.263190
0.154748
3.869373
2.162059
2.162059
2.162059
3.162256
1.249991
0.877520
0.877520
1.163428
3.593277
0.254035
0.193928
0.772569
0.723577
0.608152
2.963797
1.537378
0.772646
0.788513
0.048521
0.738182
0.376455
0.252897
0.026276
5.501075
1.411301
1.989367
0.919769
2.267650
1.196196
7.203744
3.280625
5.109046
2.522237
1.460176
0.416704
0.416704
0.448156
1.571963
0.107933
2.252573
3.614525
3.614525
0.277039
1.770434
0.038390
1.676012
1.007656
1.160548
1.306443
2.726969
0.904968
4.804156
3.223410
0.696898
0.696898
4.429439
0.124553
1.544667
1.544667
3.644371
0.789597
3.489921
0.182821
0.182821
7.419254
2.849714
2.849714
4.589430
1.879992
0.002016
1.571310
0.876534
1.322939
5.114576
1.955270
0.594142
0.221052
1.623761
0.746442
0.345996
2.101948
1.011874
1.639929
1.405681
4.183994
1.602294
1.602294
0.364851
0.364851
2.875018
0.063012
1.510197
0.570855
1.993684
5.307964
1.776855
0.423852
0.323849
2.862621
1.682462
0.372342
0.372342
1.034420
5.050852
0.349632
1.399501
0.207955
0.108622
0.099740
1.216453
1.813823
0.406645
0.644640
1.353435
1.353435
4.733762
0.082714
0.082714
0.655514
0.655514
0.536229
2.163220
0.596524
2.622427
2.622427
0.478453
3.297852
3.113314
0.122763
0.205643
0.495936
0.277204
4.236286
0.071582
0.152872
0.152872
1.003450
0.352004
1.042470
1.756196
2.407671
1.099585
0.268364
0.246786
0.246786
0.630495
0.789675
0.645766
1.223680
1.223680
1.223680
2.704580
0.194032
4.025135
4.420692
0.065879
0.065879
0.837708
0.837708
2.072682
2.054023
0.697626
0.697626
2.781520
2.781520
1.529997
0.123956
6.582592
4.098588
1.017547
0.926376
1.978542
0.554138
1.417059
1.417059
1.417059
2.878757
1.972904
1.702979
0.003437
3.089789
3.089789
0.967425
0.967425
0.620909
0.620909
1.502450
3.399840
3.399840
3.399840
3.399840
2.426475
2.426475
1.538654
0.597956
0.597956
1.258017
3.506897
3.506897
3.506897
0.886586
1.468804
0.316821
0.241131
0.626320
0.632657
0.004126
1.854086
2.065046
0.336800
0.723503
2.998535
0.705665
0.827501
3.624237
1.197619
0.075909
0.034825
4.556610
1.078956
1.544667
0.320047
0.487549
3.474063
0.731533
0.136488
0.091982
0.389752
1.193657
1.193657
1.193657
0.418337
1.879350
1.041920
1.041920
0.167849
3.180456
3.180456
0.232875
3.862746
0.565306
0.385543
1.915352
1.851725
1.851725
1.629176
2.765235
0.395044
0.395044
0.402150
2.731770
2.688005
1.642253
3.234443
0.205853
0.138043
0.400534
3.036520
6.389221
4.752141
0.793322
0.848147
1.314779
1.559353
2.920193
0.098469
0.028607
0.827501
1.360675
0.407426
0.041257
0.097394
3.652188
1.160250
0.114292
1.553281
1.488802
0.251543
0.251543
0.251543
2.054564
2.159353
2.078160
2.078160
2.078160
2.078160
2.078160
1.190921
1.864363
0.787275
0.000137
2.754284
2.199078
5.665702
1.683868
1.683868
1.683868
7.214939
7.214939
1.539293
1.539293
1.101683
0.259522
3.600831
1.392303
1.367494
1.057866
1.302184
0.288036
8.021028
2.810750
2.263918
0.498678
2.704580
0.104199
0.891388
0.096417
0.096417
0.843320
0.843320
2.289396
1.649521
3.762185
1.645540
1.645540
1.612855
1.184252
3.302397
3.302397
0.251434
0.251434
4.528236
1.750597
0.015044
1.814590
0.002474
0.350731
0.350731
0.061199
4.024465
2.235002
0.125598
1.034876
1.034876
2.614035
0.345823
0.345823
0.345823
1.196602
1.196602
1.803885
1.803885
0.246085
0.075428
0.075428
1.382952
0.044743
2.064502
2.064502
2.292769
6.564277
0.038625
0.038625
0.046726
6.564277
6.564277
2.567688
4.224762
3.971828
0.807763
0.453906
1.599499
0.347380
0.347380
2.894122
1.249043
1.249043
0.169436
0.494853
2.272224
0.090425
0.450688
3.778010
3.778010
3.778010
0.834191
0.032531
3.031676
1.359541
0.603216
3.880283
0.784337
0.100817
0.652894
0.002291
0.108130
0.314279
1.985578
6.109273
6.109273
0.056533
1.727830
0.599184
0.078222
0.695587
0.695587
0.163452
0.767215
0.767215
1.181634
1.181634
0.599935
2.722745
0.301240
0.356990
0.386254
0.386254
0.270830
0.949301
2.764656
1.440435
1.440435
0.517304
0.559113
0.370759
0.658067
1.413413
0.398264
0.553144
4.567150
4.567150
0.190390
1.076890
1.076890
0.204593
0.798925
0.935316
1.159853
0.418276
0.669396
1.192238
0.233089
0.978371
0.177711
3.498857
3.498857
3.498857
1.594322
1.594322
5.010256
0.670255
1.277093
1.277093
0.565440
0.565440
0.483626
2.066679
0.964636
0.775944
0.414168
1.243265
0.820681
2.069768
4.991000
2.267235
2.040046
3.578281
1.019081
6.276902
0.119686
1.511075
2.484347
2.484347
2.484347
2.484347
0.617934
0.869407
0.710509
2.743412
0.103365
0.498678
2.435967
2.435967
2.435967
1.387332
0.064636
2.294248
0.347322
0.347322
1.309071
1.882238
3.626290
3.626290
1.594985
2.163995
2.163995
0.005136
1.906026
0.640705
1.013853
1.393346
1.393346
3.869373
4.130587
0.131183
3.130189
0.501809
0.486789
0.628545
1.355242
0.594006
0.399279
3.500273
0.711538
1.183144
1.695305
0.958726
0.958726
0.350442
3.974416
0.039611
0.260719
2.989775
4.757589
4.757589
1.077735
1.077735
1.077735
1.077735
1.077735
1.077735
1.077735
1.081402
1.401247
0.760208
0.196118
1.661530
1.163727
1.367152
1.425323
0.096124
0.096124
0.934377
0.083343
2.167486
3.317786
0.242476
0.307914
0.599116
0.026415
0.246733
0.544564
1.065763
1.065763
0.947234
0.741706
0.741706
2.503901
2.101205
2.430404
2.430404
2.088441
1.007387
1.007387
1.007387
0.119042
0.119042
0.119042
0.580733
1.038531
1.038531
0.166416
3.514981
0.853312
0.024925
0.873335
1.359541
0.445196
0.455642
1.228033
0.098860
0.445073
0.659700
0.179670
0.266285
2.272640
0.437149
0.437149
0.950594
2.972739
2.972739
2.972739
0.699157
1.029138
1.029138
0.243391
0.576895
0.576895
0.617796
0.617796
1.968646
1.116449
0.323735
3.013819
3.013819
1.466734
1.053332
1.053332
0.154850
0.362051
0.376102
2.291293
6.874616
6.874616
5.225206
0.415919
0.124702
0.607122
1.154408
0.286650
0.548320
1.966776
1.118860
0.559313
1.367039
0.256043
0.402209
1.333370
1.190516
1.190516
3.871186
1.376864
1.376864
1.376864
1.416941
1.618365
0.136939
3.874212
0.624306
0.624306
0.202601
3.279810
0.013796
0.080877
2.035950
0.689775
0.689775
0.941735
0.116764
0.423670
2.135214
1.822129
0.548122
0.332280
0.058007
0.515754
3.659520
8.896949
1.488926
0.991345
1.303930
0.765384
1.478095
1.303493
0.249595
0.249595
0.261210
0.848711
3.530317
0.664113
0.281285
2.564901
2.564901
0.766528
0.694350
0.561441
0.990105
1.812903
1.171503
2.909965
0.187119
1.589559
2.436431
2.370976
0.160953
1.090182
1.305132
2.082191
0.029493
0.306846
2.152032
0.365844
0.003804
0.423549
0.423549
0.424763
0.103757
0.714484
0.297496
3.559009
3.559009
0.163146
0.610419
0.213645
3.136103
1.162236
2.250929
0.445319
1.425086
1.425086
1.425086
0.306959
1.588239
1.207621
1.147309
1.424968
0.244522
0.295989
0.295989
4.676833
1.344771
2.723027
2.723027
2.723027
2.237645
1.195789
0.442181
2.387974
2.387974
2.682521
0.304713
0.121969
4.176565
4.176565
0.835389
0.247272
0.318688
4.767447
1.246624
1.246624
0.562839
0.329084
0.224770
0.224770
1.692190
0.440031
1.850624
1.850624
1.850624
3.253546
1.412474
1.412474
1.412474
1.282896
0.138646
0.138646
4.582614
0.710509
0.710509
0.710509
0.358791
0.358791
0.219780
0.857685
0.573067
1.093404
1.807394
0.048096
0.791846
0.791846
3.394110
2.648958
2.648958
0.620632
1.983343
1.983343
1.983343
4.848731
0.263554
4.178048
2.679786
0.642180
1.187179
0.760740
0.264264
1.929369
1.784808
0.142718
0.687892
0.978458
0.210586
1.592203
1.199349
2.503415
0.684998
0.752251
0.752251
2.016686
2.852470
1.173504
0.537801
2.619537
0.113403
0.792467
1.626737
1.522778
5.040270
0.087608
0.415979
0.415979
0.415979
1.370573
3.364493
3.364493
0.920530
0.867447
2.702360
2.702360
0.095295
2.146852
0.465162
0.465162
0.591423
0.591423
1.171004
2.355490
2.355490
3.020662
0.138144
1.587975
0.646259
0.646259
0.138093
1.061484
1.082061
0.254686
0.254686
1.618904
0.777942
0.202758
2.059253
2.847879
0.159578
2.498323
1.349941
4.343360
4.343360
4.343360
4.343360
0.438007
1.056477
1.056477
0.507769
2.940861
1.905047
0.742832
1.252415
0.088821
0.188261
0.545223
3.334603
0.810039
0.223973
2.703470
2.703470
0.036794
0.175496
5.702141
1.583232
3.951917
2.163220
2.050248
2.050248
0.570587
0.233142
1.326593
4.033869
3.114774
0.989219
0.745915
0.459181
0.596252
2.657278
0.616759
4.991000
4.991000
2.408583
1.490656
1.928706
1.205779
1.531267
4.041977
2.648958
1.187987
1.187987
1.189706
1.861510
4.615021
1.354338
3.589764
2.826034
5.246227
4.318715
4.318715
1.617558
1.822283
1.822283
1.604560
0.875796
2.086232
0.155967
0.155967
0.155967
3.059219
3.059219
3.059219
2.824529
2.824529
1.027503
0.758385
2.031864
1.099966
0.906810
0.906810
1.745752
0.211956
0.345246
0.493898
0.132133
0.721280
2.096197
0.835709
0.585798
0.168924
0.179154
0.422760
0.606162
2.225486
1.178818
1.236360
5.312698
6.082629
0.451925
1.123499
2.352631
0.589320
0.199669
3.703743
3.703743
0.412901
4.390475
0.211429
0.756110
0.191274
0.191274
0.620770
0.048805
0.048805
0.492626
0.602327
0.606162
0.170975
1.466612
1.466612
2.773937
2.075419
2.075419
0.074321
0.932756
4.346677
1.496852
0.790760
2.939236
0.499061
9.820590
2.988432
0.745162
0.139600
0.401850
1.299351
1.990919
2.191562
0.021531
2.664293
2.664293
1.384564
0.925867
0.925867
0.923154
0.260937
1.347916
1.644992
1.892225
0.198833
0.168514
1.550962
0.970569
0.256803
1.609371
0.420698
2.622164
4.331809
1.037159
1.040728
0.046820
1.110294
2.467888
1.135357
3.111856
0.629520
0.358326
0.507063
0.700325
1.796741
1.816740
1.668614
3.010409
3.010409
0.057769
0.057769
0.054680
0.976263
1.557671
1.799625
0.080056
5.032382
0.344670
0.598911
0.598911
0.598911
3.816570
1.942681
1.912565
1.912565
0.543840
3.287574
2.982736
1.221611
0.479335
1.396130
0.831719
0.183080
1.662084
2.896962
0.998899
0.093101
0.332451
1.397059
1.397059
1.479690
1.479690
1.697575
1.298916
2.037730
1.391724
1.391724
0.748627
0.748627
0.975824
0.514592
0.439233
0.619178
1.242846
1.033873
1.107418
0.232554
1.062971
2.453956
0.980041
2.393382
0.705958
1.134869
1.688799
0.660056
1.988160
0.487359
5.040270
0.730713
0.981714
0.646470
0.476628
0.476628
0.476628
1.153124
0.075043
0.382409
0.382409
1.503073
1.523916
1.523916
1.658622
1.658622
1.842785
2.310393
0.777019
0.020185
0.504370
1.429354
0.622086
0.913949
0.189662
0.189662
2.671068
3.405148
1.199349
1.144656
2.024432
0.002245
0.002245
0.184270
0.184270
0.184270
1.446306
5.922477
2.195117
3.298265
1.372972
2.626377
0.238875
1.764485
1.972904
1.972904
0.002153
0.533810
0.301632
0.301632
0.485080
1.730584
1.730584
2.109962
2.109962
0.194970
0.095978
1.675592
0.703249
0.703249
0.822819
2.051685
0.466286
0.524949
0.524949
0.524949
0.524949
3.471282
3.471282
3.471282
3.471282
0.799549
0.004493
0.391177
0.143725
0.491101
0.158814
3.226554
0.746291
1.063901
0.064253
2.782105
0.605888
5.980549
0.106802
0.035200
2.557076
5.208893
1.619578
1.619578
0.600618
1.614331
1.713128
1.713128
0.130334
0.463727
0.463727
0.321011
0.507962
0.507962
3.710789
2.012127
0.199617
0.199617
0.199617
1.513709
0.815469
0.443472
1.600563
1.585470
0.365785
3.373577
1.527840
0.067171
0.867774
0.867774
0.885594
0.885594
0.699085
1.112215
4.324430
4.324430
0.089939
2.787673
2.328010
0.018794
1.223370
0.044602
2.276812
2.962807
0.520215
0.425675
2.009154
4.116993
0.927480
0.973282
0.973282
5.535518
1.363172
2.406759
1.857399
1.438045
5.456929
5.456929
1.748393
0.937367
1.981455
0.044602
0.044602
0.044602
2.301237
2.301237
0.308757
1.222852
0.061199
1.509070
1.509070
2.598427
6.783415
6.783415
5.927232
0.447045
2.705970
0.595911
0.242745
0.242745
0.229510
0.288258
1.221818
0.786346
0.994896
1.112599
0.277369
0.229937
0.020649
0.563572
0.563572
0.985241
2.086416
2.086416
2.086416
2.122912
1.453165
1.599632
0.524300
0.635522
0.635522
0.703395
0.047718
0.047718
0.876945
0.642952
0.642952
0.642952
1.886579
1.886579
1.368748
0.854364
0.854364
1.051301
3.629889
3.118796
4.683053
2.200666
2.134834
2.134834
2.134834
0.955866
0.016015
1.600696
0.126395
3.701042
1.846072
1.846072
1.070615
0.033046
0.842998
1.628769
1.628769
1.911254
1.911254
1.340289
1.639519
0.598979
0.843802
1.614466
1.614466
0.232982
2.383258
0.912014
0.345074
0.810667
2.960170
0.016386
2.767261
0.321011
0.321011
0.321011
1.232399
0.651126
0.651126
2.586055
0.102728
1.609371
1.609371
3.176646
3.176646
0.531263
1.636790
0.203859
2.956879
2.956879
2.956879
2.385726
0.266996
3.892498
0.319764
1.379273
1.269711
1.269711
1.027049
1.027049
2.399262
0.043989
0.127291
0.613655
0.613655
1.325817
1.325817
1.935178
0.222061
0.892301
0.831958
0.831958
0.782254
0.782254
1.149179
0.403167
0.815390
0.815390
0.550367
2.104181
0.129186
0.506229
0.506229
0.506229
0.506229
0.435679
3.522150
1.028502
2.307619
0.713526
1.240332
0.130833
3.582266
2.106416
2.106416
2.106416
2.106416
1.816125
0.075283
1.337495
0.382586
2.375431
0.508283
0.274783
0.274783
1.726816
0.227485
1.117316
2.852470
2.852470
1.114619
1.838256
1.839660
0.138495
0.034544
0.034544
0.476628
0.419487
0.683120
0.911510
1.552894
1.552894
1.552894
0.875303
1.767010
4.949488
1.058144
1.341632
1.021702
0.087462
2.847268
1.762705
2.329740
2.329740
1.614734
1.614734
0.261591
0.171334
9.119579
9.119579
0.662332
0.217132
0.039894
1.369432
0.864349
0.864349
0.864349
1.313240
2.280576
2.232364
1.779851
1.577325
1.279670
1.279670
6.462244
1.991092
0.476691
0.708452
0.170975
0.560110
0.560110
0.094710
0.590541
1.343089
1.343089
1.343089
1.343089
0.644851
2.147810
2.147810
0.259794
1.687248
1.352533
0.489578
2.921156
8.614871
6.681612
6.681612
6.681612
6.681612
3.526468
1.373887
2.570479
0.599798
0.743057
1.004523
4.041977
2.174493
0.633495
0.951975
0.599047
0.424946
1.378240
1.841378
0.543051
0.543051
0.543051
0.661905
0.685359
0.685359
0.685359
4.024465
3.241975
0.085086
0.074465
0.674053
1.469902
1.474054
1.474054
0.361468
0.361468
1.561685
0.676135
0.593122
1.634611
1.019984
1.167411
4.577764
0.715295
0.745463
0.662190
0.685287
0.137792
2.797984
0.412238
1.091697
0.155459
0.155459
0.396892
4.755408
2.470500
3.266418
3.266418
1.235630
0.515302
0.428353
1.353661
0.066740
0.408928
0.408928
0.116121
1.789026
1.789026
2.087888
2.087888
0.616828
1.819201
1.298481
0.145338
0.730340
1.474421
4.669609
0.222645
0.222645
2.206235
0.172874
0.172874
3.204297
1.681058
4.726259
0.757247
2.620062
2.620062
1.963044
0.097882
0.044225
3.386213
3.386213
1.304585
0.638672
0.000320
1.654341
0.261373
0.261373
1.092551
3.155112
1.732908
1.646363
5.197140
0.051029
1.585207
0.147105
2.277856
0.808076
6.888109
6.888109
1.753688
2.276812
2.276812
0.188883
0.188883
0.064253
0.562307
1.338389
4.195208
0.374574
1.088384
0.277700
0.277700
7.080681
7.080681
1.879992
1.974269
0.050461
0.050461
0.538391
6.901725
2.518798
1.675452
1.265768
0.650067
2.579397
2.579397
2.735451
2.735451
2.735451
2.735451
0.027674
0.905470
1.032323
0.075283
0.346572
2.364762
0.702664
0.702664
0.118547
1.825062
0.639583
0.273025
1.417412
1.147605
1.147605
3.194638
0.466098
2.177031
1.102446
0.161922
3.816570
2.974733
2.974733
0.630774
3.310280
3.310280
1.059535
5.069552
1.309071
1.785109
1.785109
1.785109
0.048379
3.824754
0.627989
2.071042
1.292401
1.292401
5.814880
2.277438
0.039564
0.437210
0.325326
0.363567
0.280070
2.754858
1.518615
0.972844
0.972844
0.317104
1.707259
1.206188
0.163605
0.651975
1.405915
1.071083
0.648444
0.648444
0.619247
4.161816
4.161816
0.355713
2.810750
0.410733
0.125449
0.897621
1.722913
3.513551
0.237265
1.232087
1.232087
1.232087
1.868175
1.868175
3.499329
0.128687
2.082374
5.722774
0.703688
6.665947
6.665947
0.697772
1.907005
0.271982
0.360537
0.865245
0.362984
0.362984
1.830481
0.012319
0.580059
4.151577
2.053303
1.410831
3.379664
6.018020
2.725560
2.725560
